5001  0.0100000000	
0	0
0.01	0.010052832
0.02	0.020104076
0.03	0.030152146
0.04	0.040195455
0.05	0.050232416
0.06	0.060261444
0.07	0.070280957
0.08	0.080289372
0.09	0.090285108
0.1	0.100266587
0.11	0.110232233
0.12	0.120180471
0.13	0.130109732
0.14	0.140018447
0.15	0.149905052
0.16	0.159767984
0.17	0.169605688
0.18	0.179416609
0.19	0.189199198
0.2	0.19895191
0.21	0.208673205
0.22	0.218361548
0.23	0.22801541
0.24	0.237633265
0.25	0.247213595
0.26	0.256754888
0.27	0.266255636
0.28	0.275714339
0.29	0.285129503
0.3	0.294499642
0.31	0.303823276
0.32	0.313098933
0.33	0.322325149
0.34	0.331500465
0.35	0.340623433
0.36	0.349692613
0.37	0.358706573
0.38	0.367663888
0.39	0.376563146
0.4	0.385402939
0.41	0.394181873
0.42	0.402898561
0.43	0.411551627
0.44	0.420139704
0.45	0.428661436
0.46	0.437115477
0.47	0.445500493
0.48	0.453815159
0.49	0.462058163
0.5	0.470228202
0.51	0.478323986
0.52	0.486344238
0.53	0.49428769
0.54	0.502153089
0.55	0.509939192
0.56	0.517644769
0.57	0.525268605
0.58	0.532809494
0.59	0.540266246
0.6	0.547637685
0.61	0.554922645
0.62	0.562119976
0.63	0.569228542
0.64	0.57624722
0.65	0.583174902
0.66	0.590010494
0.67	0.596752916
0.68	0.603401105
0.69	0.609954009
0.7	0.616410594
0.71	0.622769841
0.72	0.629030746
0.73	0.635192319
0.74	0.641253588
0.75	0.647213595
0.76	0.653071401
0.77	0.658826078
0.78	0.664476719
0.79	0.670022432
0.8	0.67546234
0.81	0.680795585
0.82	0.686021325
0.83	0.691138734
0.84	0.696147004
0.85	0.701045344
0.86	0.705832981
0.87	0.710509159
0.88	0.715073139
0.89	0.719524201
0.9	0.723861642
0.91	0.728084777
0.92	0.732192938
0.93	0.736185478
0.94	0.740061765
0.95	0.743821189
0.96	0.747463154
0.97	0.750987086
0.98	0.754392429
0.99	0.757678644
1	0.760845213
1.01	0.763891636
1.02	0.766817431
1.03	0.769622137
1.04	0.772305311
1.05	0.774866529
1.06	0.777305386
1.07	0.779621498
1.08	0.781814499
1.09	0.783884042
1.1	0.785829801
1.11	0.787651468
1.12	0.789348755
1.13	0.790921396
1.14	0.792369141
1.15	0.793691761
1.16	0.794889048
1.17	0.795960814
1.18	0.796906887
1.19	0.79772712
1.2	0.798421383
1.21	0.798989565
1.22	0.799431578
1.23	0.799747351
1.24	0.799936835
1.25	0.8
1.26	0.799936835
1.27	0.799747351
1.28	0.799431578
1.29	0.798989565
1.3	0.798421383
1.31	0.79772712
1.32	0.796906887
1.33	0.795960814
1.34	0.794889048
1.35	0.793691761
1.36	0.792369141
1.37	0.790921396
1.38	0.789348755
1.39	0.787651468
1.4	0.785829801
1.41	0.783884042
1.42	0.781814499
1.43	0.779621498
1.44	0.777305386
1.45	0.774866529
1.46	0.772305311
1.47	0.769622137
1.48	0.766817431
1.49	0.763891636
1.5	0.760845213
1.51	0.757678644
1.52	0.754392429
1.53	0.750987086
1.54	0.747463154
1.55	0.743821189
1.56	0.740061765
1.57	0.736185478
1.58	0.732192938
1.59	0.728084777
1.6	0.723861642
1.61	0.719524201
1.62	0.715073139
1.63	0.710509159
1.64	0.705832981
1.65	0.701045344
1.66	0.696147004
1.67	0.691138734
1.68	0.686021325
1.69	0.680795585
1.7	0.67546234
1.71	0.670022432
1.72	0.664476719
1.73	0.658826078
1.74	0.653071401
1.75	0.647213595
1.76	0.641253588
1.77	0.635192319
1.78	0.629030746
1.79	0.622769841
1.8	0.616410594
1.81	0.609954009
1.82	0.603401105
1.83	0.596752916
1.84	0.590010494
1.85	0.583174902
1.86	0.57624722
1.87	0.569228542
1.88	0.562119976
1.89	0.554922645
1.9	0.547637685
1.91	0.540266246
1.92	0.532809494
1.93	0.525268605
1.94	0.517644769
1.95	0.509939192
1.96	0.502153089
1.97	0.49428769
1.98	0.486344238
1.99	0.478323986
2	0.470228202
2.01	0.462058163
2.02	0.453815159
2.03	0.445500493
2.04	0.437115477
2.05	0.428661436
2.06	0.420139704
2.07	0.411551627
2.08	0.402898561
2.09	0.394181873
2.1	0.385402939
2.11	0.376563146
2.12	0.367663888
2.13	0.358706573
2.14	0.349692613
2.15	0.340623433
2.16	0.331500465
2.17	0.322325149
2.18	0.313098933
2.19	0.303823276
2.2	0.294499642
2.21	0.285129503
2.22	0.275714339
2.23	0.266255636
2.24	0.256754888
2.25	0.247213595
2.26	0.237633265
2.27	0.22801541
2.28	0.218361548
2.29	0.208673205
2.3	0.19895191
2.31	0.189199198
2.32	0.179416609
2.33	0.169605688
2.34	0.159767984
2.35	0.149905052
2.36	0.140018447
2.37	0.130109732
2.38	0.120180471
2.39	0.110232233
2.4	0.100266587
2.41	0.090285108
2.42	0.080289372
2.43	0.070280957
2.44	0.060261444
2.45	0.050232416
2.46	0.040195455
2.47	0.030152146
2.48	0.020104076
2.49	0.010052832
2.5	9.80119E-17
2.51	-0.010052832
2.52	-0.020104076
2.53	-0.030152146
2.54	-0.040195455
2.55	-0.050232416
2.56	-0.060261444
2.57	-0.070280957
2.58	-0.080289372
2.59	-0.090285108
2.6	-0.100266587
2.61	-0.110232233
2.62	-0.120180471
2.63	-0.130109732
2.64	-0.140018447
2.65	-0.149905052
2.66	-0.159767984
2.67	-0.169605688
2.68	-0.179416609
2.69	-0.189199198
2.7	-0.19895191
2.71	-0.208673205
2.72	-0.218361548
2.73	-0.22801541
2.74	-0.237633265
2.75	-0.247213595
2.76	-0.256754888
2.77	-0.266255636
2.78	-0.275714339
2.79	-0.285129503
2.8	-0.294499642
2.81	-0.303823276
2.82	-0.313098933
2.83	-0.322325149
2.84	-0.331500465
2.85	-0.340623433
2.86	-0.349692613
2.87	-0.358706573
2.88	-0.367663888
2.89	-0.376563146
2.9	-0.385402939
2.91	-0.394181873
2.92	-0.402898561
2.93	-0.411551627
2.94	-0.420139704
2.95	-0.428661436
2.96	-0.437115477
2.97	-0.445500493
2.98	-0.453815159
2.99	-0.462058163
3	-0.470228202
3.01	-0.478323986
3.02	-0.486344238
3.03	-0.49428769
3.04	-0.502153089
3.05	-0.509939192
3.06	-0.517644769
3.07	-0.525268605
3.08	-0.532809494
3.09	-0.540266246
3.1	-0.547637685
3.11	-0.554922645
3.12	-0.562119976
3.13	-0.569228542
3.14	-0.57624722
3.15	-0.583174902
3.16	-0.590010494
3.17	-0.596752916
3.18	-0.603401105
3.19	-0.609954009
3.2	-0.616410594
3.21	-0.622769841
3.22	-0.629030746
3.23	-0.635192319
3.24	-0.641253588
3.25	-0.647213595
3.26	-0.653071401
3.27	-0.658826078
3.28	-0.664476719
3.29	-0.670022432
3.3	-0.67546234
3.31	-0.680795585
3.32	-0.686021325
3.33	-0.691138734
3.34	-0.696147004
3.35	-0.701045344
3.36	-0.705832981
3.37	-0.710509159
3.38	-0.715073139
3.39	-0.719524201
3.4	-0.723861642
3.41	-0.728084777
3.42	-0.732192938
3.43	-0.736185478
3.44	-0.740061765
3.45	-0.743821189
3.46	-0.747463154
3.47	-0.750987086
3.48	-0.754392429
3.49	-0.757678644
3.5	-0.760845213
3.51	-0.763891636
3.52	-0.766817431
3.53	-0.769622137
3.54	-0.772305311
3.55	-0.774866529
3.56	-0.777305386
3.57	-0.779621498
3.58	-0.781814499
3.59	-0.783884042
3.6	-0.785829801
3.61	-0.787651468
3.62	-0.789348755
3.63	-0.790921396
3.64	-0.792369141
3.65	-0.793691761
3.66	-0.794889048
3.67	-0.795960814
3.68	-0.796906887
3.69	-0.79772712
3.7	-0.798421383
3.71	-0.798989565
3.72	-0.799431578
3.73	-0.799747351
3.74	-0.799936835
3.75	-0.8
3.76	-0.799936835
3.77	-0.799747351
3.78	-0.799431578
3.79	-0.798989565
3.8	-0.798421383
3.81	-0.79772712
3.82	-0.796906887
3.83	-0.795960814
3.84	-0.794889048
3.85	-0.793691761
3.86	-0.792369141
3.87	-0.790921396
3.88	-0.789348755
3.89	-0.787651468
3.9	-0.785829801
3.91	-0.783884042
3.92	-0.781814499
3.93	-0.779621498
3.94	-0.777305386
3.95	-0.774866529
3.96	-0.772305311
3.97	-0.769622137
3.98	-0.766817431
3.99	-0.763891636
4	-0.760845213
4.01	-0.757678644
4.02	-0.754392429
4.03	-0.750987086
4.04	-0.747463154
4.05	-0.743821189
4.06	-0.740061765
4.07	-0.736185478
4.08	-0.732192938
4.09	-0.728084777
4.1	-0.723861642
4.11	-0.719524201
4.12	-0.715073139
4.13	-0.710509159
4.14	-0.705832981
4.15	-0.701045344
4.16	-0.696147004
4.17	-0.691138734
4.18	-0.686021325
4.19	-0.680795585
4.2	-0.67546234
4.21	-0.670022432
4.22	-0.664476719
4.23	-0.658826078
4.24	-0.653071401
4.25	-0.647213595
4.26	-0.641253588
4.27	-0.635192319
4.28	-0.629030746
4.29	-0.622769841
4.3	-0.616410594
4.31	-0.609954009
4.32	-0.603401105
4.33	-0.596752916
4.34	-0.590010494
4.35	-0.583174902
4.36	-0.57624722
4.37	-0.569228542
4.38	-0.562119976
4.39	-0.554922645
4.4	-0.547637685
4.41	-0.540266246
4.42	-0.532809494
4.43	-0.525268605
4.44	-0.517644769
4.45	-0.509939192
4.46	-0.502153089
4.47	-0.49428769
4.48	-0.486344238
4.49	-0.478323986
4.5	-0.470228202
4.51	-0.462058163
4.52	-0.453815159
4.53	-0.445500493
4.54	-0.437115477
4.55	-0.428661436
4.56	-0.420139704
4.57	-0.411551627
4.58	-0.402898561
4.59	-0.394181873
4.6	-0.385402939
4.61	-0.376563146
4.62	-0.367663888
4.63	-0.358706573
4.64	-0.349692613
4.65	-0.340623433
4.66	-0.331500465
4.67	-0.322325149
4.68	-0.313098933
4.69	-0.303823276
4.7	-0.294499642
4.71	-0.285129503
4.72	-0.275714339
4.73	-0.266255636
4.74	-0.256754888
4.75	-0.247213595
4.76	-0.237633265
4.77	-0.22801541
4.78	-0.218361548
4.79	-0.208673205
4.8	-0.19895191
4.81	-0.189199198
4.82	-0.179416609
4.83	-0.169605688
4.84	-0.159767984
4.85	-0.149905052
4.86	-0.140018447
4.87	-0.130109732
4.88	-0.120180471
4.89	-0.110232233
4.9	-0.100266587
4.91	-0.090285108
4.92	-0.080289372
4.93	-0.070280957
4.94	-0.060261444
4.95	-0.050232416
4.96	-0.040195455
4.97	-0.030152146
4.98	-0.020104076
4.99	-0.010052832
5	-1.96024E-16
5.01	0.010052832
5.02	0.020104076
5.03	0.030152146
5.04	0.040195455
5.05	0.050232416
5.06	0.060261444
5.07	0.070280957
5.08	0.080289372
5.09	0.090285108
5.1	0.100266587
5.11	0.110232233
5.12	0.120180471
5.13	0.130109732
5.14	0.140018447
5.15	0.149905052
5.16	0.159767984
5.17	0.169605688
5.18	0.179416609
5.19	0.189199198
5.2	0.19895191
5.21	0.208673205
5.22	0.218361548
5.23	0.22801541
5.24	0.237633265
5.25	0.247213595
5.26	0.256754888
5.27	0.266255636
5.28	0.275714339
5.29	0.285129503
5.3	0.294499642
5.31	0.303823276
5.32	0.313098933
5.33	0.322325149
5.34	0.331500465
5.35	0.340623433
5.36	0.349692613
5.37	0.358706573
5.38	0.367663888
5.39	0.376563146
5.4	0.385402939
5.41	0.394181873
5.42	0.402898561
5.43	0.411551627
5.44	0.420139704
5.45	0.428661436
5.46	0.437115477
5.47	0.445500493
5.48	0.453815159
5.49	0.462058163
5.5	0.470228202
5.51	0.478323986
5.52	0.486344238
5.53	0.49428769
5.54	0.502153089
5.55	0.509939192
5.56	0.517644769
5.57	0.525268605
5.58	0.532809494
5.59	0.540266246
5.6	0.547637685
5.61	0.554922645
5.62	0.562119976
5.63	0.569228542
5.64	0.57624722
5.65	0.583174902
5.66	0.590010494
5.67	0.596752916
5.68	0.603401105
5.69	0.609954009
5.7	0.616410594
5.71	0.622769841
5.72	0.629030746
5.73	0.635192319
5.74	0.641253588
5.75	0.647213595
5.76	0.653071401
5.77	0.658826078
5.78	0.664476719
5.79	0.670022432
5.8	0.67546234
5.81	0.680795585
5.82	0.686021325
5.83	0.691138734
5.84	0.696147004
5.85	0.701045344
5.86	0.705832981
5.87	0.710509159
5.88	0.715073139
5.89	0.719524201
5.9	0.723861642
5.91	0.728084777
5.92	0.732192938
5.93	0.736185478
5.94	0.740061765
5.95	0.743821189
5.96	0.747463154
5.97	0.750987086
5.98	0.754392429
5.99	0.757678644
6	0.760845213
6.01	0.763891636
6.02	0.766817431
6.03	0.769622137
6.04	0.772305311
6.05	0.774866529
6.06	0.777305386
6.07	0.779621498
6.08	0.781814499
6.09	0.783884042
6.1	0.785829801
6.11	0.787651468
6.12	0.789348755
6.13	0.790921396
6.14	0.792369141
6.15	0.793691761
6.16	0.794889048
6.17	0.795960814
6.18	0.796906887
6.19	0.79772712
6.2	0.798421383
6.21	0.798989565
6.22	0.799431578
6.23	0.799747351
6.24	0.799936835
6.25	0.8
6.26	0.799936835
6.27	0.799747351
6.28	0.799431578
6.29	0.798989565
6.3	0.798421383
6.31	0.79772712
6.32	0.796906887
6.33	0.795960814
6.34	0.794889048
6.35	0.793691761
6.36	0.792369141
6.37	0.790921396
6.38	0.789348755
6.39	0.787651468
6.4	0.785829801
6.41	0.783884042
6.42	0.781814499
6.43	0.779621498
6.44	0.777305386
6.45	0.774866529
6.46	0.772305311
6.47	0.769622137
6.48	0.766817431
6.49	0.763891636
6.5	0.760845213
6.51	0.757678644
6.52	0.754392429
6.53	0.750987086
6.54	0.747463154
6.55	0.743821189
6.56	0.740061765
6.57	0.736185478
6.58	0.732192938
6.59	0.728084777
6.6	0.723861642
6.61	0.719524201
6.62	0.715073139
6.63	0.710509159
6.64	0.705832981
6.65	0.701045344
6.66	0.696147004
6.67	0.691138734
6.68	0.686021325
6.69	0.680795585
6.7	0.67546234
6.71	0.670022432
6.72	0.664476719
6.73	0.658826078
6.74	0.653071401
6.75	0.647213595
6.76	0.641253588
6.77	0.635192319
6.78	0.629030746
6.79	0.622769841
6.8	0.616410594
6.81	0.609954009
6.82	0.603401105
6.83	0.596752916
6.84	0.590010494
6.85	0.583174902
6.86	0.57624722
6.87	0.569228542
6.88	0.562119976
6.89	0.554922645
6.9	0.547637685
6.91	0.540266246
6.92	0.532809494
6.93	0.525268605
6.94	0.517644769
6.95	0.509939192
6.96	0.502153089
6.97	0.49428769
6.98	0.486344238
6.99	0.478323986
7	0.470228202
7.01	0.462058163
7.02	0.453815159
7.03	0.445500493
7.04	0.437115477
7.05	0.428661436
7.06	0.420139704
7.07	0.411551627
7.08	0.402898561
7.09	0.394181873
7.1	0.385402939
7.11	0.376563146
7.12	0.367663888
7.13	0.358706573
7.14	0.349692613
7.15	0.340623433
7.16	0.331500465
7.17	0.322325149
7.18	0.313098933
7.19	0.303823276
7.2	0.294499642
7.21	0.285129503
7.22	0.275714339
7.23	0.266255636
7.24	0.256754888
7.25	0.247213595
7.26	0.237633265
7.27	0.22801541
7.28	0.218361548
7.29	0.208673205
7.3	0.19895191
7.31	0.189199198
7.32	0.179416609
7.33	0.169605688
7.34	0.159767984
7.35	0.149905052
7.36	0.140018447
7.37	0.130109732
7.38	0.120180471
7.39	0.110232233
7.4	0.100266587
7.41	0.090285108
7.42	0.080289372
7.43	0.070280957
7.44	0.060261444
7.45	0.050232416
7.46	0.040195455
7.47	0.030152146
7.48	0.020104076
7.49	0.010052832
7.5	2.94036E-16
7.51	-0.010052832
7.52	-0.020104076
7.53	-0.030152146
7.54	-0.040195455
7.55	-0.050232416
7.56	-0.060261444
7.57	-0.070280957
7.58	-0.080289372
7.59	-0.090285108
7.6	-0.100266587
7.61	-0.110232233
7.62	-0.120180471
7.63	-0.130109732
7.64	-0.140018447
7.65	-0.149905052
7.66	-0.159767984
7.67	-0.169605688
7.68	-0.179416609
7.69	-0.189199198
7.7	-0.19895191
7.71	-0.208673205
7.72	-0.218361548
7.73	-0.22801541
7.74	-0.237633265
7.75	-0.247213595
7.76	-0.256754888
7.77	-0.266255636
7.78	-0.275714339
7.79	-0.285129503
7.8	-0.294499642
7.81	-0.303823276
7.82	-0.313098933
7.83	-0.322325149
7.84	-0.331500465
7.85	-0.340623433
7.86	-0.349692613
7.87	-0.358706573
7.88	-0.367663888
7.89	-0.376563146
7.9	-0.385402939
7.91	-0.394181873
7.92	-0.402898561
7.93	-0.411551627
7.94	-0.420139704
7.95	-0.428661436
7.96	-0.437115477
7.97	-0.445500493
7.98	-0.453815159
7.99	-0.462058163
8	-0.470228202
8.01	-0.478323986
8.02	-0.486344238
8.03	-0.49428769
8.04	-0.502153089
8.05	-0.509939192
8.06	-0.517644769
8.07	-0.525268605
8.08	-0.532809494
8.09	-0.540266246
8.1	-0.547637685
8.11	-0.554922645
8.12	-0.562119976
8.13	-0.569228542
8.14	-0.57624722
8.15	-0.583174902
8.16	-0.590010494
8.17	-0.596752916
8.18	-0.603401105
8.19	-0.609954009
8.2	-0.616410594
8.21	-0.622769841
8.22	-0.629030746
8.23	-0.635192319
8.24	-0.641253588
8.25	-0.647213595
8.26	-0.653071401
8.27	-0.658826078
8.28	-0.664476719
8.29	-0.670022432
8.3	-0.67546234
8.31	-0.680795585
8.32	-0.686021325
8.33	-0.691138734
8.34	-0.696147004
8.35	-0.701045344
8.36	-0.705832981
8.37	-0.710509159
8.38	-0.715073139
8.39	-0.719524201
8.4	-0.723861642
8.41	-0.728084777
8.42	-0.732192938
8.43	-0.736185478
8.44	-0.740061765
8.45	-0.743821189
8.46	-0.747463154
8.47	-0.750987086
8.48	-0.754392429
8.49	-0.757678644
8.5	-0.760845213
8.51	-0.763891636
8.52	-0.766817431
8.53	-0.769622137
8.54	-0.772305311
8.55	-0.774866529
8.56	-0.777305386
8.57	-0.779621498
8.58	-0.781814499
8.59	-0.783884042
8.6	-0.785829801
8.61	-0.787651468
8.62	-0.789348755
8.63	-0.790921396
8.64	-0.792369141
8.65	-0.793691761
8.66	-0.794889048
8.67	-0.795960814
8.68	-0.796906887
8.69	-0.79772712
8.7	-0.798421383
8.71	-0.798989565
8.72	-0.799431578
8.73	-0.799747351
8.74	-0.799936835
8.75	-0.8
8.76	-0.799936835
8.77	-0.799747351
8.78	-0.799431578
8.79	-0.798989565
8.8	-0.798421383
8.81	-0.79772712
8.82	-0.796906887
8.83	-0.795960814
8.84	-0.794889048
8.85	-0.793691761
8.86	-0.792369141
8.87	-0.790921396
8.88	-0.789348755
8.89	-0.787651468
8.9	-0.785829801
8.91	-0.783884042
8.92	-0.781814499
8.93	-0.779621498
8.94	-0.777305386
8.95	-0.774866529
8.96	-0.772305311
8.97	-0.769622137
8.98	-0.766817431
8.99	-0.763891636
9	-0.760845213
9.01	-0.757678644
9.02	-0.754392429
9.03	-0.750987086
9.04	-0.747463154
9.05	-0.743821189
9.06	-0.740061765
9.07	-0.736185478
9.08	-0.732192938
9.09	-0.728084777
9.1	-0.723861642
9.11	-0.719524201
9.12	-0.715073139
9.13	-0.710509159
9.14	-0.705832981
9.15	-0.701045344
9.16	-0.696147004
9.17	-0.691138734
9.18	-0.686021325
9.19	-0.680795585
9.2	-0.67546234
9.21	-0.670022432
9.22	-0.664476719
9.23	-0.658826078
9.24	-0.653071401
9.25	-0.647213595
9.26	-0.641253588
9.27	-0.635192319
9.28	-0.629030746
9.29	-0.622769841
9.3	-0.616410594
9.31	-0.609954009
9.32	-0.603401105
9.33	-0.596752916
9.34	-0.590010494
9.35	-0.583174902
9.36	-0.57624722
9.37	-0.569228542
9.38	-0.562119976
9.39	-0.554922645
9.4	-0.547637685
9.41	-0.540266246
9.42	-0.532809494
9.43	-0.525268605
9.44	-0.517644769
9.45	-0.509939192
9.46	-0.502153089
9.47	-0.49428769
9.48	-0.486344238
9.49	-0.478323986
9.5	-0.470228202
9.51	-0.462058163
9.52	-0.453815159
9.53	-0.445500493
9.54	-0.437115477
9.55	-0.428661436
9.56	-0.420139704
9.57	-0.411551627
9.58	-0.402898561
9.59	-0.394181873
9.6	-0.385402939
9.61	-0.376563146
9.62	-0.367663888
9.63	-0.358706573
9.64	-0.349692613
9.65	-0.340623433
9.66	-0.331500465
9.67	-0.322325149
9.68	-0.313098933
9.69	-0.303823276
9.7	-0.294499642
9.71	-0.285129503
9.72	-0.275714339
9.73	-0.266255636
9.74	-0.256754888
9.75	-0.247213595
9.76	-0.237633265
9.77	-0.22801541
9.78	-0.218361548
9.79	-0.208673205
9.8	-0.19895191
9.81	-0.189199198
9.82	-0.179416609
9.83	-0.169605688
9.84	-0.159767984
9.85	-0.149905052
9.86	-0.140018447
9.87	-0.130109732
9.88	-0.120180471
9.89	-0.110232233
9.9	-0.100266587
9.91	-0.090285108
9.92	-0.080289372
9.93	-0.070280957
9.94	-0.060261444
9.95	-0.050232416
9.96	-0.040195455
9.97	-0.030152146
9.98	-0.020104076
9.99	-0.010052832
10	-3.92048E-16
10.01	0.010052832
10.02	0.020104076
10.03	0.030152146
10.04	0.040195455
10.05	0.050232416
10.06	0.060261444
10.07	0.070280957
10.08	0.080289372
10.09	0.090285108
10.1	0.100266587
10.11	0.110232233
10.12	0.120180471
10.13	0.130109732
10.14	0.140018447
10.15	0.149905052
10.16	0.159767984
10.17	0.169605688
10.18	0.179416609
10.19	0.189199198
10.2	0.19895191
10.21	0.208673205
10.22	0.218361548
10.23	0.22801541
10.24	0.237633265
10.25	0.247213595
10.26	0.256754888
10.27	0.266255636
10.28	0.275714339
10.29	0.285129503
10.3	0.294499642
10.31	0.303823276
10.32	0.313098933
10.33	0.322325149
10.34	0.331500465
10.35	0.340623433
10.36	0.349692613
10.37	0.358706573
10.38	0.367663888
10.39	0.376563146
10.4	0.385402939
10.41	0.394181873
10.42	0.402898561
10.43	0.411551627
10.44	0.420139704
10.45	0.428661436
10.46	0.437115477
10.47	0.445500493
10.48	0.453815159
10.49	0.462058163
10.5	0.470228202
10.51	0.478323986
10.52	0.486344238
10.53	0.49428769
10.54	0.502153089
10.55	0.509939192
10.56	0.517644769
10.57	0.525268605
10.58	0.532809494
10.59	0.540266246
10.6	0.547637685
10.61	0.554922645
10.62	0.562119976
10.63	0.569228542
10.64	0.57624722
10.65	0.583174902
10.66	0.590010494
10.67	0.596752916
10.68	0.603401105
10.69	0.609954009
10.7	0.616410594
10.71	0.622769841
10.72	0.629030746
10.73	0.635192319
10.74	0.641253588
10.75	0.647213595
10.76	0.653071401
10.77	0.658826078
10.78	0.664476719
10.79	0.670022432
10.8	0.67546234
10.81	0.680795585
10.82	0.686021325
10.83	0.691138734
10.84	0.696147004
10.85	0.701045344
10.86	0.705832981
10.87	0.710509159
10.88	0.715073139
10.89	0.719524201
10.9	0.723861642
10.91	0.728084777
10.92	0.732192938
10.93	0.736185478
10.94	0.740061765
10.95	0.743821189
10.96	0.747463154
10.97	0.750987086
10.98	0.754392429
10.99	0.757678644
11	0.760845213
11.01	0.763891636
11.02	0.766817431
11.03	0.769622137
11.04	0.772305311
11.05	0.774866529
11.06	0.777305386
11.07	0.779621498
11.08	0.781814499
11.09	0.783884042
11.1	0.785829801
11.11	0.787651468
11.12	0.789348755
11.13	0.790921396
11.14	0.792369141
11.15	0.793691761
11.16	0.794889048
11.17	0.795960814
11.18	0.796906887
11.19	0.79772712
11.2	0.798421383
11.21	0.798989565
11.22	0.799431578
11.23	0.799747351
11.24	0.799936835
11.25	0.8
11.26	0.799936835
11.27	0.799747351
11.28	0.799431578
11.29	0.798989565
11.3	0.798421383
11.31	0.79772712
11.32	0.796906887
11.33	0.795960814
11.34	0.794889048
11.35	0.793691761
11.36	0.792369141
11.37	0.790921396
11.38	0.789348755
11.39	0.787651468
11.4	0.785829801
11.41	0.783884042
11.42	0.781814499
11.43	0.779621498
11.44	0.777305386
11.45	0.774866529
11.46	0.772305311
11.47	0.769622137
11.48	0.766817431
11.49	0.763891636
11.5	0.760845213
11.51	0.757678644
11.52	0.754392429
11.53	0.750987086
11.54	0.747463154
11.55	0.743821189
11.56	0.740061765
11.57	0.736185478
11.58	0.732192938
11.59	0.728084777
11.6	0.723861642
11.61	0.719524201
11.62	0.715073139
11.63	0.710509159
11.64	0.705832981
11.65	0.701045344
11.66	0.696147004
11.67	0.691138734
11.68	0.686021325
11.69	0.680795585
11.7	0.67546234
11.71	0.670022432
11.72	0.664476719
11.73	0.658826078
11.74	0.653071401
11.75	0.647213595
11.76	0.641253588
11.77	0.635192319
11.78	0.629030746
11.79	0.622769841
11.8	0.616410594
11.81	0.609954009
11.82	0.603401105
11.83	0.596752916
11.84	0.590010494
11.85	0.583174902
11.86	0.57624722
11.87	0.569228542
11.88	0.562119976
11.89	0.554922645
11.9	0.547637685
11.91	0.540266246
11.92	0.532809494
11.93	0.525268605
11.94	0.517644769
11.95	0.509939192
11.96	0.502153089
11.97	0.49428769
11.98	0.486344238
11.99	0.478323986
12	0.470228202
12.01	0.462058163
12.02	0.453815159
12.03	0.445500493
12.04	0.437115477
12.05	0.428661436
12.06	0.420139704
12.07	0.411551627
12.08	0.402898561
12.09	0.394181873
12.1	0.385402939
12.11	0.376563146
12.12	0.367663888
12.13	0.358706573
12.14	0.349692613
12.15	0.340623433
12.16	0.331500465
12.17	0.322325149
12.18	0.313098933
12.19	0.303823276
12.2	0.294499642
12.21	0.285129503
12.22	0.275714339
12.23	0.266255636
12.24	0.256754888
12.25	0.247213595
12.26	0.237633265
12.27	0.22801541
12.28	0.218361548
12.29	0.208673205
12.3	0.19895191
12.31	0.189199198
12.32	0.179416609
12.33	0.169605688
12.34	0.159767984
12.35	0.149905052
12.36	0.140018447
12.37	0.130109732
12.38	0.120180471
12.39	0.110232233
12.4	0.100266587
12.41	0.090285108
12.42	0.080289372
12.43	0.070280957
12.44	0.060261444
12.45	0.050232416
12.46	0.040195455
12.47	0.030152146
12.48	0.020104076
12.49	0.010052832
12.5	4.90059E-16
12.51	-0.010052832
12.52	-0.020104076
12.53	-0.030152146
12.54	-0.040195455
12.55	-0.050232416
12.56	-0.060261444
12.57	-0.070280957
12.58	-0.080289372
12.59	-0.090285108
12.6	-0.100266587
12.61	-0.110232233
12.62	-0.120180471
12.63	-0.130109732
12.64	-0.140018447
12.65	-0.149905052
12.66	-0.159767984
12.67	-0.169605688
12.68	-0.179416609
12.69	-0.189199198
12.7	-0.19895191
12.71	-0.208673205
12.72	-0.218361548
12.73	-0.22801541
12.74	-0.237633265
12.75	-0.247213595
12.76	-0.256754888
12.77	-0.266255636
12.78	-0.275714339
12.79	-0.285129503
12.8	-0.294499642
12.81	-0.303823276
12.82	-0.313098933
12.83	-0.322325149
12.84	-0.331500465
12.85	-0.340623433
12.86	-0.349692613
12.87	-0.358706573
12.88	-0.367663888
12.89	-0.376563146
12.9	-0.385402939
12.91	-0.394181873
12.92	-0.402898561
12.93	-0.411551627
12.94	-0.420139704
12.95	-0.428661436
12.96	-0.437115477
12.97	-0.445500493
12.98	-0.453815159
12.99	-0.462058163
13	-0.470228202
13.01	-0.478323986
13.02	-0.486344238
13.03	-0.49428769
13.04	-0.502153089
13.05	-0.509939192
13.06	-0.517644769
13.07	-0.525268605
13.08	-0.532809494
13.09	-0.540266246
13.1	-0.547637685
13.11	-0.554922645
13.12	-0.562119976
13.13	-0.569228542
13.14	-0.57624722
13.15	-0.583174902
13.16	-0.590010494
13.17	-0.596752916
13.18	-0.603401105
13.19	-0.609954009
13.2	-0.616410594
13.21	-0.622769841
13.22	-0.629030746
13.23	-0.635192319
13.24	-0.641253588
13.25	-0.647213595
13.26	-0.653071401
13.27	-0.658826078
13.28	-0.664476719
13.29	-0.670022432
13.3	-0.67546234
13.31	-0.680795585
13.32	-0.686021325
13.33	-0.691138734
13.34	-0.696147004
13.35	-0.701045344
13.36	-0.705832981
13.37	-0.710509159
13.38	-0.715073139
13.39	-0.719524201
13.4	-0.723861642
13.41	-0.728084777
13.42	-0.732192938
13.43	-0.736185478
13.44	-0.740061765
13.45	-0.743821189
13.46	-0.747463154
13.47	-0.750987086
13.48	-0.754392429
13.49	-0.757678644
13.5	-0.760845213
13.51	-0.763891636
13.52	-0.766817431
13.53	-0.769622137
13.54	-0.772305311
13.55	-0.774866529
13.56	-0.777305386
13.57	-0.779621498
13.58	-0.781814499
13.59	-0.783884042
13.6	-0.785829801
13.61	-0.787651468
13.62	-0.789348755
13.63	-0.790921396
13.64	-0.792369141
13.65	-0.793691761
13.66	-0.794889048
13.67	-0.795960814
13.68	-0.796906887
13.69	-0.79772712
13.7	-0.798421383
13.71	-0.798989565
13.72	-0.799431578
13.73	-0.799747351
13.74	-0.799936835
13.75	-0.8
13.76	-0.799936835
13.77	-0.799747351
13.78	-0.799431578
13.79	-0.798989565
13.8	-0.798421383
13.81	-0.79772712
13.82	-0.796906887
13.83	-0.795960814
13.84	-0.794889048
13.85	-0.793691761
13.86	-0.792369141
13.87	-0.790921396
13.88	-0.789348755
13.89	-0.787651468
13.9	-0.785829801
13.91	-0.783884042
13.92	-0.781814499
13.93	-0.779621498
13.94	-0.777305386
13.95	-0.774866529
13.96	-0.772305311
13.97	-0.769622137
13.98	-0.766817431
13.99	-0.763891636
14	-0.760845213
14.01	-0.757678644
14.02	-0.754392429
14.03	-0.750987086
14.04	-0.747463154
14.05	-0.743821189
14.06	-0.740061765
14.07	-0.736185478
14.08	-0.732192938
14.09	-0.728084777
14.1	-0.723861642
14.11	-0.719524201
14.12	-0.715073139
14.13	-0.710509159
14.14	-0.705832981
14.15	-0.701045344
14.16	-0.696147004
14.17	-0.691138734
14.18	-0.686021325
14.19	-0.680795585
14.2	-0.67546234
14.21	-0.670022432
14.22	-0.664476719
14.23	-0.658826078
14.24	-0.653071401
14.25	-0.647213595
14.26	-0.641253588
14.27	-0.635192319
14.28	-0.629030746
14.29	-0.622769841
14.3	-0.616410594
14.31	-0.609954009
14.32	-0.603401105
14.33	-0.596752916
14.34	-0.590010494
14.35	-0.583174902
14.36	-0.57624722
14.37	-0.569228542
14.38	-0.562119976
14.39	-0.554922645
14.4	-0.547637685
14.41	-0.540266246
14.42	-0.532809494
14.43	-0.525268605
14.44	-0.517644769
14.45	-0.509939192
14.46	-0.502153089
14.47	-0.49428769
14.48	-0.486344238
14.49	-0.478323986
14.5	-0.470228202
14.51	-0.462058163
14.52	-0.453815159
14.53	-0.445500493
14.54	-0.437115477
14.55	-0.428661436
14.56	-0.420139704
14.57	-0.411551627
14.58	-0.402898561
14.59	-0.394181873
14.6	-0.385402939
14.61	-0.376563146
14.62	-0.367663888
14.63	-0.358706573
14.64	-0.349692613
14.65	-0.340623433
14.66	-0.331500465
14.67	-0.322325149
14.68	-0.313098933
14.69	-0.303823276
14.7	-0.294499642
14.71	-0.285129503
14.72	-0.275714339
14.73	-0.266255636
14.74	-0.256754888
14.75	-0.247213595
14.76	-0.237633265
14.77	-0.22801541
14.78	-0.218361548
14.79	-0.208673205
14.8	-0.19895191
14.81	-0.189199198
14.82	-0.179416609
14.83	-0.169605688
14.84	-0.159767984
14.85	-0.149905052
14.86	-0.140018447
14.87	-0.130109732
14.88	-0.120180471
14.89	-0.110232233
14.9	-0.100266587
14.91	-0.090285108
14.92	-0.080289372
14.93	-0.070280957
14.94	-0.060261444
14.95	-0.050232416
14.96	-0.040195455
14.97	-0.030152146
14.98	-0.020104076
14.99	-0.010052832
15	-5.88071E-16
15.01	0.010052832
15.02	0.020104076
15.03	0.030152146
15.04	0.040195455
15.05	0.050232416
15.06	0.060261444
15.07	0.070280957
15.08	0.080289372
15.09	0.090285108
15.1	0.100266587
15.11	0.110232233
15.12	0.120180471
15.13	0.130109732
15.14	0.140018447
15.15	0.149905052
15.16	0.159767984
15.17	0.169605688
15.18	0.179416609
15.19	0.189199198
15.2	0.19895191
15.21	0.208673205
15.22	0.218361548
15.23	0.22801541
15.24	0.237633265
15.25	0.247213595
15.26	0.256754888
15.27	0.266255636
15.28	0.275714339
15.29	0.285129503
15.3	0.294499642
15.31	0.303823276
15.32	0.313098933
15.33	0.322325149
15.34	0.331500465
15.35	0.340623433
15.36	0.349692613
15.37	0.358706573
15.38	0.367663888
15.39	0.376563146
15.4	0.385402939
15.41	0.394181873
15.42	0.402898561
15.43	0.411551627
15.44	0.420139704
15.45	0.428661436
15.46	0.437115477
15.47	0.445500493
15.48	0.453815159
15.49	0.462058163
15.5	0.470228202
15.51	0.478323986
15.52	0.486344238
15.53	0.49428769
15.54	0.502153089
15.55	0.509939192
15.56	0.517644769
15.57	0.525268605
15.58	0.532809494
15.59	0.540266246
15.6	0.547637685
15.61	0.554922645
15.62	0.562119976
15.63	0.569228542
15.64	0.57624722
15.65	0.583174902
15.66	0.590010494
15.67	0.596752916
15.68	0.603401105
15.69	0.609954009
15.7	0.616410594
15.71	0.622769841
15.72	0.629030746
15.73	0.635192319
15.74	0.641253588
15.75	0.647213595
15.76	0.653071401
15.77	0.658826078
15.78	0.664476719
15.79	0.670022432
15.8	0.67546234
15.81	0.680795585
15.82	0.686021325
15.83	0.691138734
15.84	0.696147004
15.85	0.701045344
15.86	0.705832981
15.87	0.710509159
15.88	0.715073139
15.89	0.719524201
15.9	0.723861642
15.91	0.728084777
15.92	0.732192938
15.93	0.736185478
15.94	0.740061765
15.95	0.743821189
15.96	0.747463154
15.97	0.750987086
15.98	0.754392429
15.99	0.757678644
16	0.760845213
16.01	0.763891636
16.02	0.766817431
16.03	0.769622137
16.04	0.772305311
16.05	0.774866529
16.06	0.777305386
16.07	0.779621498
16.08	0.781814499
16.09	0.783884042
16.1	0.785829801
16.11	0.787651468
16.12	0.789348755
16.13	0.790921396
16.14	0.792369141
16.15	0.793691761
16.16	0.794889048
16.17	0.795960814
16.18	0.796906887
16.19	0.79772712
16.2	0.798421383
16.21	0.798989565
16.22	0.799431578
16.23	0.799747351
16.24	0.799936835
16.25	0.8
16.26	0.799936835
16.27	0.799747351
16.28	0.799431578
16.29	0.798989565
16.3	0.798421383
16.31	0.79772712
16.32	0.796906887
16.33	0.795960814
16.34	0.794889048
16.35	0.793691761
16.36	0.792369141
16.37	0.790921396
16.38	0.789348755
16.39	0.787651468
16.4	0.785829801
16.41	0.783884042
16.42	0.781814499
16.43	0.779621498
16.44	0.777305386
16.45	0.774866529
16.46	0.772305311
16.47	0.769622137
16.48	0.766817431
16.49	0.763891636
16.5	0.760845213
16.51	0.757678644
16.52	0.754392429
16.53	0.750987086
16.54	0.747463154
16.55	0.743821189
16.56	0.740061765
16.57	0.736185478
16.58	0.732192938
16.59	0.728084777
16.6	0.723861642
16.61	0.719524201
16.62	0.715073139
16.63	0.710509159
16.64	0.705832981
16.65	0.701045344
16.66	0.696147004
16.67	0.691138734
16.68	0.686021325
16.69	0.680795585
16.7	0.67546234
16.71	0.670022432
16.72	0.664476719
16.73	0.658826078
16.74	0.653071401
16.75	0.647213595
16.76	0.641253588
16.77	0.635192319
16.78	0.629030746
16.79	0.622769841
16.8	0.616410594
16.81	0.609954009
16.82	0.603401105
16.83	0.596752916
16.84	0.590010494
16.85	0.583174902
16.86	0.57624722
16.87	0.569228542
16.88	0.562119976
16.89	0.554922645
16.9	0.547637685
16.91	0.540266246
16.92	0.532809494
16.93	0.525268605
16.94	0.517644769
16.95	0.509939192
16.96	0.502153089
16.97	0.49428769
16.98	0.486344238
16.99	0.478323986
17	0.470228202
17.01	0.462058163
17.02	0.453815159
17.03	0.445500493
17.04	0.437115477
17.05	0.428661436
17.06	0.420139704
17.07	0.411551627
17.08	0.402898561
17.09	0.394181873
17.1	0.385402939
17.11	0.376563146
17.12	0.367663888
17.13	0.358706573
17.14	0.349692613
17.15	0.340623433
17.16	0.331500465
17.17	0.322325149
17.18	0.313098933
17.19	0.303823276
17.2	0.294499642
17.21	0.285129503
17.22	0.275714339
17.23	0.266255636
17.24	0.256754888
17.25	0.247213595
17.26	0.237633265
17.27	0.22801541
17.28	0.218361548
17.29	0.208673205
17.3	0.19895191
17.31	0.189199198
17.32	0.179416609
17.33	0.169605688
17.34	0.159767984
17.35	0.149905052
17.36	0.140018447
17.37	0.130109732
17.38	0.120180471
17.39	0.110232233
17.4	0.100266587
17.41	0.090285108
17.42	0.080289372
17.43	0.070280957
17.44	0.060261444
17.45	0.050232416
17.46	0.040195455
17.47	0.030152146
17.48	0.020104076
17.49	0.010052832
17.5	6.86083E-16
17.51	-0.010052832
17.52	-0.020104076
17.53	-0.030152146
17.54	-0.040195455
17.55	-0.050232416
17.56	-0.060261444
17.57	-0.070280957
17.58	-0.080289372
17.59	-0.090285108
17.6	-0.100266587
17.61	-0.110232233
17.62	-0.120180471
17.63	-0.130109732
17.64	-0.140018447
17.65	-0.149905052
17.66	-0.159767984
17.67	-0.169605688
17.68	-0.179416609
17.69	-0.189199198
17.7	-0.19895191
17.71	-0.208673205
17.72	-0.218361548
17.73	-0.22801541
17.74	-0.237633265
17.75	-0.247213595
17.76	-0.256754888
17.77	-0.266255636
17.78	-0.275714339
17.79	-0.285129503
17.8	-0.294499642
17.81	-0.303823276
17.82	-0.313098933
17.83	-0.322325149
17.84	-0.331500465
17.85	-0.340623433
17.86	-0.349692613
17.87	-0.358706573
17.88	-0.367663888
17.89	-0.376563146
17.9	-0.385402939
17.91	-0.394181873
17.92	-0.402898561
17.93	-0.411551627
17.94	-0.420139704
17.95	-0.428661436
17.96	-0.437115477
17.97	-0.445500493
17.98	-0.453815159
17.99	-0.462058163
18	-0.470228202
18.01	-0.478323986
18.02	-0.486344238
18.03	-0.49428769
18.04	-0.502153089
18.05	-0.509939192
18.06	-0.517644769
18.07	-0.525268605
18.08	-0.532809494
18.09	-0.540266246
18.1	-0.547637685
18.11	-0.554922645
18.12	-0.562119976
18.13	-0.569228542
18.14	-0.57624722
18.15	-0.583174902
18.16	-0.590010494
18.17	-0.596752916
18.18	-0.603401105
18.19	-0.609954009
18.2	-0.616410594
18.21	-0.622769841
18.22	-0.629030746
18.23	-0.635192319
18.24	-0.641253588
18.25	-0.647213595
18.26	-0.653071401
18.27	-0.658826078
18.28	-0.664476719
18.29	-0.670022432
18.3	-0.67546234
18.31	-0.680795585
18.32	-0.686021325
18.33	-0.691138734
18.34	-0.696147004
18.35	-0.701045344
18.36	-0.705832981
18.37	-0.710509159
18.38	-0.715073139
18.39	-0.719524201
18.4	-0.723861642
18.41	-0.728084777
18.42	-0.732192938
18.43	-0.736185478
18.44	-0.740061765
18.45	-0.743821189
18.46	-0.747463154
18.47	-0.750987086
18.48	-0.754392429
18.49	-0.757678644
18.5	-0.760845213
18.51	-0.763891636
18.52	-0.766817431
18.53	-0.769622137
18.54	-0.772305311
18.55	-0.774866529
18.56	-0.777305386
18.57	-0.779621498
18.58	-0.781814499
18.59	-0.783884042
18.6	-0.785829801
18.61	-0.787651468
18.62	-0.789348755
18.63	-0.790921396
18.64	-0.792369141
18.65	-0.793691761
18.66	-0.794889048
18.67	-0.795960814
18.68	-0.796906887
18.69	-0.79772712
18.7	-0.798421383
18.71	-0.798989565
18.72	-0.799431578
18.73	-0.799747351
18.74	-0.799936835
18.75	-0.8
18.76	-0.799936835
18.77	-0.799747351
18.78	-0.799431578
18.79	-0.798989565
18.8	-0.798421383
18.81	-0.79772712
18.82	-0.796906887
18.83	-0.795960814
18.84	-0.794889048
18.85	-0.793691761
18.86	-0.792369141
18.87	-0.790921396
18.88	-0.789348755
18.89	-0.787651468
18.9	-0.785829801
18.91	-0.783884042
18.92	-0.781814499
18.93	-0.779621498
18.94	-0.777305386
18.95	-0.774866529
18.96	-0.772305311
18.97	-0.769622137
18.98	-0.766817431
18.99	-0.763891636
19	-0.760845213
19.01	-0.757678644
19.02	-0.754392429
19.03	-0.750987086
19.04	-0.747463154
19.05	-0.743821189
19.06	-0.740061765
19.07	-0.736185478
19.08	-0.732192938
19.09	-0.728084777
19.1	-0.723861642
19.11	-0.719524201
19.12	-0.715073139
19.13	-0.710509159
19.14	-0.705832981
19.15	-0.701045344
19.16	-0.696147004
19.17	-0.691138734
19.18	-0.686021325
19.19	-0.680795585
19.2	-0.67546234
19.21	-0.670022432
19.22	-0.664476719
19.23	-0.658826078
19.24	-0.653071401
19.25	-0.647213595
19.26	-0.641253588
19.27	-0.635192319
19.28	-0.629030746
19.29	-0.622769841
19.3	-0.616410594
19.31	-0.609954009
19.32	-0.603401105
19.33	-0.596752916
19.34	-0.590010494
19.35	-0.583174902
19.36	-0.57624722
19.37	-0.569228542
19.38	-0.562119976
19.39	-0.554922645
19.4	-0.547637685
19.41	-0.540266246
19.42	-0.532809494
19.43	-0.525268605
19.44	-0.517644769
19.45	-0.509939192
19.46	-0.502153089
19.47	-0.49428769
19.48	-0.486344238
19.49	-0.478323986
19.5	-0.470228202
19.51	-0.462058163
19.52	-0.453815159
19.53	-0.445500493
19.54	-0.437115477
19.55	-0.428661436
19.56	-0.420139704
19.57	-0.411551627
19.58	-0.402898561
19.59	-0.394181873
19.6	-0.385402939
19.61	-0.376563146
19.62	-0.367663888
19.63	-0.358706573
19.64	-0.349692613
19.65	-0.340623433
19.66	-0.331500465
19.67	-0.322325149
19.68	-0.313098933
19.69	-0.303823276
19.7	-0.294499642
19.71	-0.285129503
19.72	-0.275714339
19.73	-0.266255636
19.74	-0.256754888
19.75	-0.247213595
19.76	-0.237633265
19.77	-0.22801541
19.78	-0.218361548
19.79	-0.208673205
19.8	-0.19895191
19.81	-0.189199198
19.82	-0.179416609
19.83	-0.169605688
19.84	-0.159767984
19.85	-0.149905052
19.86	-0.140018447
19.87	-0.130109732
19.88	-0.120180471
19.89	-0.110232233
19.9	-0.100266587
19.91	-0.090285108
19.92	-0.080289372
19.93	-0.070280957
19.94	-0.060261444
19.95	-0.050232416
19.96	-0.040195455
19.97	-0.030152146
19.98	-0.020104076
19.99	-0.010052832
20	-7.84095E-16
20.01	0.010052832
20.02	0.020104076
20.03	0.030152146
20.04	0.040195455
20.05	0.050232416
20.06	0.060261444
20.07	0.070280957
20.08	0.080289372
20.09	0.090285108
20.1	0.100266587
20.11	0.110232233
20.12	0.120180471
20.13	0.130109732
20.14	0.140018447
20.15	0.149905052
20.16	0.159767984
20.17	0.169605688
20.18	0.179416609
20.19	0.189199198
20.2	0.19895191
20.21	0.208673205
20.22	0.218361548
20.23	0.22801541
20.24	0.237633265
20.25	0.247213595
20.26	0.256754888
20.27	0.266255636
20.28	0.275714339
20.29	0.285129503
20.3	0.294499642
20.31	0.303823276
20.32	0.313098933
20.33	0.322325149
20.34	0.331500465
20.35	0.340623433
20.36	0.349692613
20.37	0.358706573
20.38	0.367663888
20.39	0.376563146
20.4	0.385402939
20.41	0.394181873
20.42	0.402898561
20.43	0.411551627
20.44	0.420139704
20.45	0.428661436
20.46	0.437115477
20.47	0.445500493
20.48	0.453815159
20.49	0.462058163
20.5	0.470228202
20.51	0.478323986
20.52	0.486344238
20.53	0.49428769
20.54	0.502153089
20.55	0.509939192
20.56	0.517644769
20.57	0.525268605
20.58	0.532809494
20.59	0.540266246
20.6	0.547637685
20.61	0.554922645
20.62	0.562119976
20.63	0.569228542
20.64	0.57624722
20.65	0.583174902
20.66	0.590010494
20.67	0.596752916
20.68	0.603401105
20.69	0.609954009
20.7	0.616410594
20.71	0.622769841
20.72	0.629030746
20.73	0.635192319
20.74	0.641253588
20.75	0.647213595
20.76	0.653071401
20.77	0.658826078
20.78	0.664476719
20.79	0.670022432
20.8	0.67546234
20.81	0.680795585
20.82	0.686021325
20.83	0.691138734
20.84	0.696147004
20.85	0.701045344
20.86	0.705832981
20.87	0.710509159
20.88	0.715073139
20.89	0.719524201
20.9	0.723861642
20.91	0.728084777
20.92	0.732192938
20.93	0.736185478
20.94	0.740061765
20.95	0.743821189
20.96	0.747463154
20.97	0.750987086
20.98	0.754392429
20.99	0.757678644
21	0.760845213
21.01	0.763891636
21.02	0.766817431
21.03	0.769622137
21.04	0.772305311
21.05	0.774866529
21.06	0.777305386
21.07	0.779621498
21.08	0.781814499
21.09	0.783884042
21.1	0.785829801
21.11	0.787651468
21.12	0.789348755
21.13	0.790921396
21.14	0.792369141
21.15	0.793691761
21.16	0.794889048
21.17	0.795960814
21.18	0.796906887
21.19	0.79772712
21.2	0.798421383
21.21	0.798989565
21.22	0.799431578
21.23	0.799747351
21.24	0.799936835
21.25	0.8
21.26	0.799936835
21.27	0.799747351
21.28	0.799431578
21.29	0.798989565
21.3	0.798421383
21.31	0.79772712
21.32	0.796906887
21.33	0.795960814
21.34	0.794889048
21.35	0.793691761
21.36	0.792369141
21.37	0.790921396
21.38	0.789348755
21.39	0.787651468
21.4	0.785829801
21.41	0.783884042
21.42	0.781814499
21.43	0.779621498
21.44	0.777305386
21.45	0.774866529
21.46	0.772305311
21.47	0.769622137
21.48	0.766817431
21.49	0.763891636
21.5	0.760845213
21.51	0.757678644
21.52	0.754392429
21.53	0.750987086
21.54	0.747463154
21.55	0.743821189
21.56	0.740061765
21.57	0.736185478
21.58	0.732192938
21.59	0.728084777
21.6	0.723861642
21.61	0.719524201
21.62	0.715073139
21.63	0.710509159
21.64	0.705832981
21.65	0.701045344
21.66	0.696147004
21.67	0.691138734
21.68	0.686021325
21.69	0.680795585
21.7	0.67546234
21.71	0.670022432
21.72	0.664476719
21.73	0.658826078
21.74	0.653071401
21.75	0.647213595
21.76	0.641253588
21.77	0.635192319
21.78	0.629030746
21.79	0.622769841
21.8	0.616410594
21.81	0.609954009
21.82	0.603401105
21.83	0.596752916
21.84	0.590010494
21.85	0.583174902
21.86	0.57624722
21.87	0.569228542
21.88	0.562119976
21.89	0.554922645
21.9	0.547637685
21.91	0.540266246
21.92	0.532809494
21.93	0.525268605
21.94	0.517644769
21.95	0.509939192
21.96	0.502153089
21.97	0.49428769
21.98	0.486344238
21.99	0.478323986
22	0.470228202
22.01	0.462058163
22.02	0.453815159
22.03	0.445500493
22.04	0.437115477
22.05	0.428661436
22.06	0.420139704
22.07	0.411551627
22.08	0.402898561
22.09	0.394181873
22.1	0.385402939
22.11	0.376563146
22.12	0.367663888
22.13	0.358706573
22.14	0.349692613
22.15	0.340623433
22.16	0.331500465
22.17	0.322325149
22.18	0.313098933
22.19	0.303823276
22.2	0.294499642
22.21	0.285129503
22.22	0.275714339
22.23	0.266255636
22.24	0.256754888
22.25	0.247213595
22.26	0.237633265
22.27	0.22801541
22.28	0.218361548
22.29	0.208673205
22.3	0.19895191
22.31	0.189199198
22.32	0.179416609
22.33	0.169605688
22.34	0.159767984
22.35	0.149905052
22.36	0.140018447
22.37	0.130109732
22.38	0.120180471
22.39	0.110232233
22.4	0.100266587
22.41	0.090285108
22.42	0.080289372
22.43	0.070280957
22.44	0.060261444
22.45	0.050232416
22.46	0.040195455
22.47	0.030152146
22.48	0.020104076
22.49	0.010052832
22.5	8.82107E-16
22.51	-0.010052832
22.52	-0.020104076
22.53	-0.030152146
22.54	-0.040195455
22.55	-0.050232416
22.56	-0.060261444
22.57	-0.070280957
22.58	-0.080289372
22.59	-0.090285108
22.6	-0.100266587
22.61	-0.110232233
22.62	-0.120180471
22.63	-0.130109732
22.64	-0.140018447
22.65	-0.149905052
22.66	-0.159767984
22.67	-0.169605688
22.68	-0.179416609
22.69	-0.189199198
22.7	-0.19895191
22.71	-0.208673205
22.72	-0.218361548
22.73	-0.22801541
22.74	-0.237633265
22.75	-0.247213595
22.76	-0.256754888
22.77	-0.266255636
22.78	-0.275714339
22.79	-0.285129503
22.8	-0.294499642
22.81	-0.303823276
22.82	-0.313098933
22.83	-0.322325149
22.84	-0.331500465
22.85	-0.340623433
22.86	-0.349692613
22.87	-0.358706573
22.88	-0.367663888
22.89	-0.376563146
22.9	-0.385402939
22.91	-0.394181873
22.92	-0.402898561
22.93	-0.411551627
22.94	-0.420139704
22.95	-0.428661436
22.96	-0.437115477
22.97	-0.445500493
22.98	-0.453815159
22.99	-0.462058163
23	-0.470228202
23.01	-0.478323986
23.02	-0.486344238
23.03	-0.49428769
23.04	-0.502153089
23.05	-0.509939192
23.06	-0.517644769
23.07	-0.525268605
23.08	-0.532809494
23.09	-0.540266246
23.1	-0.547637685
23.11	-0.554922645
23.12	-0.562119976
23.13	-0.569228542
23.14	-0.57624722
23.15	-0.583174902
23.16	-0.590010494
23.17	-0.596752916
23.18	-0.603401105
23.19	-0.609954009
23.2	-0.616410594
23.21	-0.622769841
23.22	-0.629030746
23.23	-0.635192319
23.24	-0.641253588
23.25	-0.647213595
23.26	-0.653071401
23.27	-0.658826078
23.28	-0.664476719
23.29	-0.670022432
23.3	-0.67546234
23.31	-0.680795585
23.32	-0.686021325
23.33	-0.691138734
23.34	-0.696147004
23.35	-0.701045344
23.36	-0.705832981
23.37	-0.710509159
23.38	-0.715073139
23.39	-0.719524201
23.4	-0.723861642
23.41	-0.728084777
23.42	-0.732192938
23.43	-0.736185478
23.44	-0.740061765
23.45	-0.743821189
23.46	-0.747463154
23.47	-0.750987086
23.48	-0.754392429
23.49	-0.757678644
23.5	-0.760845213
23.51	-0.763891636
23.52	-0.766817431
23.53	-0.769622137
23.54	-0.772305311
23.55	-0.774866529
23.56	-0.777305386
23.57	-0.779621498
23.58	-0.781814499
23.59	-0.783884042
23.6	-0.785829801
23.61	-0.787651468
23.62	-0.789348755
23.63	-0.790921396
23.64	-0.792369141
23.65	-0.793691761
23.66	-0.794889048
23.67	-0.795960814
23.68	-0.796906887
23.69	-0.79772712
23.7	-0.798421383
23.71	-0.798989565
23.72	-0.799431578
23.73	-0.799747351
23.74	-0.799936835
23.75	-0.8
23.76	-0.799936835
23.77	-0.799747351
23.78	-0.799431578
23.79	-0.798989565
23.8	-0.798421383
23.81	-0.79772712
23.82	-0.796906887
23.83	-0.795960814
23.84	-0.794889048
23.85	-0.793691761
23.86	-0.792369141
23.87	-0.790921396
23.88	-0.789348755
23.89	-0.787651468
23.9	-0.785829801
23.91	-0.783884042
23.92	-0.781814499
23.93	-0.779621498
23.94	-0.777305386
23.95	-0.774866529
23.96	-0.772305311
23.97	-0.769622137
23.98	-0.766817431
23.99	-0.763891636
24	-0.760845213
24.01	-0.757678644
24.02	-0.754392429
24.03	-0.750987086
24.04	-0.747463154
24.05	-0.743821189
24.06	-0.740061765
24.07	-0.736185478
24.08	-0.732192938
24.09	-0.728084777
24.1	-0.723861642
24.11	-0.719524201
24.12	-0.715073139
24.13	-0.710509159
24.14	-0.705832981
24.15	-0.701045344
24.16	-0.696147004
24.17	-0.691138734
24.18	-0.686021325
24.19	-0.680795585
24.2	-0.67546234
24.21	-0.670022432
24.22	-0.664476719
24.23	-0.658826078
24.24	-0.653071401
24.25	-0.647213595
24.26	-0.641253588
24.27	-0.635192319
24.28	-0.629030746
24.29	-0.622769841
24.3	-0.616410594
24.31	-0.609954009
24.32	-0.603401105
24.33	-0.596752916
24.34	-0.590010494
24.35	-0.583174902
24.36	-0.57624722
24.37	-0.569228542
24.38	-0.562119976
24.39	-0.554922645
24.4	-0.547637685
24.41	-0.540266246
24.42	-0.532809494
24.43	-0.525268605
24.44	-0.517644769
24.45	-0.509939192
24.46	-0.502153089
24.47	-0.49428769
24.48	-0.486344238
24.49	-0.478323986
24.5	-0.470228202
24.51	-0.462058163
24.52	-0.453815159
24.53	-0.445500493
24.54	-0.437115477
24.55	-0.428661436
24.56	-0.420139704
24.57	-0.411551627
24.58	-0.402898561
24.59	-0.394181873
24.6	-0.385402939
24.61	-0.376563146
24.62	-0.367663888
24.63	-0.358706573
24.64	-0.349692613
24.65	-0.340623433
24.66	-0.331500465
24.67	-0.322325149
24.68	-0.313098933
24.69	-0.303823276
24.7	-0.294499642
24.71	-0.285129503
24.72	-0.275714339
24.73	-0.266255636
24.74	-0.256754888
24.75	-0.247213595
24.76	-0.237633265
24.77	-0.22801541
24.78	-0.218361548
24.79	-0.208673205
24.8	-0.19895191
24.81	-0.189199198
24.82	-0.179416609
24.83	-0.169605688
24.84	-0.159767984
24.85	-0.149905052
24.86	-0.140018447
24.87	-0.130109732
24.88	-0.120180471
24.89	-0.110232233
24.9	-0.100266587
24.91	-0.090285108
24.92	-0.080289372
24.93	-0.070280957
24.94	-0.060261444
24.95	-0.050232416
24.96	-0.040195455
24.97	-0.030152146
24.98	-0.020104076
24.99	-0.010052832
25	-9.80119E-16
25.01	0.010052832
25.02	0.020104076
25.03	0.030152146
25.04	0.040195455
25.05	0.050232416
25.06	0.060261444
25.07	0.070280957
25.08	0.080289372
25.09	0.090285108
25.1	0.100266587
25.11	0.110232233
25.12	0.120180471
25.13	0.130109732
25.14	0.140018447
25.15	0.149905052
25.16	0.159767984
25.17	0.169605688
25.18	0.179416609
25.19	0.189199198
25.2	0.19895191
25.21	0.208673205
25.22	0.218361548
25.23	0.22801541
25.24	0.237633265
25.25	0.247213595
25.26	0.256754888
25.27	0.266255636
25.28	0.275714339
25.29	0.285129503
25.3	0.294499642
25.31	0.303823276
25.32	0.313098933
25.33	0.322325149
25.34	0.331500465
25.35	0.340623433
25.36	0.349692613
25.37	0.358706573
25.38	0.367663888
25.39	0.376563146
25.4	0.385402939
25.41	0.394181873
25.42	0.402898561
25.43	0.411551627
25.44	0.420139704
25.45	0.428661436
25.46	0.437115477
25.47	0.445500493
25.48	0.453815159
25.49	0.462058163
25.5	0.470228202
25.51	0.478323986
25.52	0.486344238
25.53	0.49428769
25.54	0.502153089
25.55	0.509939192
25.56	0.517644769
25.57	0.525268605
25.58	0.532809494
25.59	0.540266246
25.6	0.547637685
25.61	0.554922645
25.62	0.562119976
25.63	0.569228542
25.64	0.57624722
25.65	0.583174902
25.66	0.590010494
25.67	0.596752916
25.68	0.603401105
25.69	0.609954009
25.7	0.616410594
25.71	0.622769841
25.72	0.629030746
25.73	0.635192319
25.74	0.641253588
25.75	0.647213595
25.76	0.653071401
25.77	0.658826078
25.78	0.664476719
25.79	0.670022432
25.8	0.67546234
25.81	0.680795585
25.82	0.686021325
25.83	0.691138734
25.84	0.696147004
25.85	0.701045344
25.86	0.705832981
25.87	0.710509159
25.88	0.715073139
25.89	0.719524201
25.9	0.723861642
25.91	0.728084777
25.92	0.732192938
25.93	0.736185478
25.94	0.740061765
25.95	0.743821189
25.96	0.747463154
25.97	0.750987086
25.98	0.754392429
25.99	0.757678644
26	0.760845213
26.01	0.763891636
26.02	0.766817431
26.03	0.769622137
26.04	0.772305311
26.05	0.774866529
26.06	0.777305386
26.07	0.779621498
26.08	0.781814499
26.09	0.783884042
26.1	0.785829801
26.11	0.787651468
26.12	0.789348755
26.13	0.790921396
26.14	0.792369141
26.15	0.793691761
26.16	0.794889048
26.17	0.795960814
26.18	0.796906887
26.19	0.79772712
26.2	0.798421383
26.21	0.798989565
26.22	0.799431578
26.23	0.799747351
26.24	0.799936835
26.25	0.8
26.26	0.799936835
26.27	0.799747351
26.28	0.799431578
26.29	0.798989565
26.3	0.798421383
26.31	0.79772712
26.32	0.796906887
26.33	0.795960814
26.34	0.794889048
26.35	0.793691761
26.36	0.792369141
26.37	0.790921396
26.38	0.789348755
26.39	0.787651468
26.4	0.785829801
26.41	0.783884042
26.42	0.781814499
26.43	0.779621498
26.44	0.777305386
26.45	0.774866529
26.46	0.772305311
26.47	0.769622137
26.48	0.766817431
26.49	0.763891636
26.5	0.760845213
26.51	0.757678644
26.52	0.754392429
26.53	0.750987086
26.54	0.747463154
26.55	0.743821189
26.56	0.740061765
26.57	0.736185478
26.58	0.732192938
26.59	0.728084777
26.6	0.723861642
26.61	0.719524201
26.62	0.715073139
26.63	0.710509159
26.64	0.705832981
26.65	0.701045344
26.66	0.696147004
26.67	0.691138734
26.68	0.686021325
26.69	0.680795585
26.7	0.67546234
26.71	0.670022432
26.72	0.664476719
26.73	0.658826078
26.74	0.653071401
26.75	0.647213595
26.76	0.641253588
26.77	0.635192319
26.78	0.629030746
26.79	0.622769841
26.8	0.616410594
26.81	0.609954009
26.82	0.603401105
26.83	0.596752916
26.84	0.590010494
26.85	0.583174902
26.86	0.57624722
26.87	0.569228542
26.88	0.562119976
26.89	0.554922645
26.9	0.547637685
26.91	0.540266246
26.92	0.532809494
26.93	0.525268605
26.94	0.517644769
26.95	0.509939192
26.96	0.502153089
26.97	0.49428769
26.98	0.486344238
26.99	0.478323986
27	0.470228202
27.01	0.462058163
27.02	0.453815159
27.03	0.445500493
27.04	0.437115477
27.05	0.428661436
27.06	0.420139704
27.07	0.411551627
27.08	0.402898561
27.09	0.394181873
27.1	0.385402939
27.11	0.376563146
27.12	0.367663888
27.13	0.358706573
27.14	0.349692613
27.15	0.340623433
27.16	0.331500465
27.17	0.322325149
27.18	0.313098933
27.19	0.303823276
27.2	0.294499642
27.21	0.285129503
27.22	0.275714339
27.23	0.266255636
27.24	0.256754888
27.25	0.247213595
27.26	0.237633265
27.27	0.22801541
27.28	0.218361548
27.29	0.208673205
27.3	0.19895191
27.31	0.189199198
27.32	0.179416609
27.33	0.169605688
27.34	0.159767984
27.35	0.149905052
27.36	0.140018447
27.37	0.130109732
27.38	0.120180471
27.39	0.110232233
27.4	0.100266587
27.41	0.090285108
27.42	0.080289372
27.43	0.070280957
27.44	0.060261444
27.45	0.050232416
27.46	0.040195455
27.47	0.030152146
27.48	0.020104076
27.49	0.010052832
27.5	3.9203E-15
27.51	-0.010052832
27.52	-0.020104076
27.53	-0.030152146
27.54	-0.040195455
27.55	-0.050232416
27.56	-0.060261444
27.57	-0.070280957
27.58	-0.080289372
27.59	-0.090285108
27.6	-0.100266587
27.61	-0.110232233
27.62	-0.120180471
27.63	-0.130109732
27.64	-0.140018447
27.65	-0.149905052
27.66	-0.159767984
27.67	-0.169605688
27.68	-0.179416609
27.69	-0.189199198
27.7	-0.19895191
27.71	-0.208673205
27.72	-0.218361548
27.73	-0.22801541
27.74	-0.237633265
27.75	-0.247213595
27.76	-0.256754888
27.77	-0.266255636
27.78	-0.275714339
27.79	-0.285129503
27.8	-0.294499642
27.81	-0.303823276
27.82	-0.313098933
27.83	-0.322325149
27.84	-0.331500465
27.85	-0.340623433
27.86	-0.349692613
27.87	-0.358706573
27.88	-0.367663888
27.89	-0.376563146
27.9	-0.385402939
27.91	-0.394181873
27.92	-0.402898561
27.93	-0.411551627
27.94	-0.420139704
27.95	-0.428661436
27.96	-0.437115477
27.97	-0.445500493
27.98	-0.453815159
27.99	-0.462058163
28	-0.470228202
28.01	-0.478323986
28.02	-0.486344238
28.03	-0.49428769
28.04	-0.502153089
28.05	-0.509939192
28.06	-0.517644769
28.07	-0.525268605
28.08	-0.532809494
28.09	-0.540266246
28.1	-0.547637685
28.11	-0.554922645
28.12	-0.562119976
28.13	-0.569228542
28.14	-0.57624722
28.15	-0.583174902
28.16	-0.590010494
28.17	-0.596752916
28.18	-0.603401105
28.19	-0.609954009
28.2	-0.616410594
28.21	-0.622769841
28.22	-0.629030746
28.23	-0.635192319
28.24	-0.641253588
28.25	-0.647213595
28.26	-0.653071401
28.27	-0.658826078
28.28	-0.664476719
28.29	-0.670022432
28.3	-0.67546234
28.31	-0.680795585
28.32	-0.686021325
28.33	-0.691138734
28.34	-0.696147004
28.35	-0.701045344
28.36	-0.705832981
28.37	-0.710509159
28.38	-0.715073139
28.39	-0.719524201
28.4	-0.723861642
28.41	-0.728084777
28.42	-0.732192938
28.43	-0.736185478
28.44	-0.740061765
28.45	-0.743821189
28.46	-0.747463154
28.47	-0.750987086
28.48	-0.754392429
28.49	-0.757678644
28.5	-0.760845213
28.51	-0.763891636
28.52	-0.766817431
28.53	-0.769622137
28.54	-0.772305311
28.55	-0.774866529
28.56	-0.777305386
28.57	-0.779621498
28.58	-0.781814499
28.59	-0.783884042
28.6	-0.785829801
28.61	-0.787651468
28.62	-0.789348755
28.63	-0.790921396
28.64	-0.792369141
28.65	-0.793691761
28.66	-0.794889048
28.67	-0.795960814
28.68	-0.796906887
28.69	-0.79772712
28.7	-0.798421383
28.71	-0.798989565
28.72	-0.799431578
28.73	-0.799747351
28.74	-0.799936835
28.75	-0.8
28.76	-0.799936835
28.77	-0.799747351
28.78	-0.799431578
28.79	-0.798989565
28.8	-0.798421383
28.81	-0.79772712
28.82	-0.796906887
28.83	-0.795960814
28.84	-0.794889048
28.85	-0.793691761
28.86	-0.792369141
28.87	-0.790921396
28.88	-0.789348755
28.89	-0.787651468
28.9	-0.785829801
28.91	-0.783884042
28.92	-0.781814499
28.93	-0.779621498
28.94	-0.777305386
28.95	-0.774866529
28.96	-0.772305311
28.97	-0.769622137
28.98	-0.766817431
28.99	-0.763891636
29	-0.760845213
29.01	-0.757678644
29.02	-0.754392429
29.03	-0.750987086
29.04	-0.747463154
29.05	-0.743821189
29.06	-0.740061765
29.07	-0.736185478
29.08	-0.732192938
29.09	-0.728084777
29.1	-0.723861642
29.11	-0.719524201
29.12	-0.715073139
29.13	-0.710509159
29.14	-0.705832981
29.15	-0.701045344
29.16	-0.696147004
29.17	-0.691138734
29.18	-0.686021325
29.19	-0.680795585
29.2	-0.67546234
29.21	-0.670022432
29.22	-0.664476719
29.23	-0.658826078
29.24	-0.653071401
29.25	-0.647213595
29.26	-0.641253588
29.27	-0.635192319
29.28	-0.629030746
29.29	-0.622769841
29.3	-0.616410594
29.31	-0.609954009
29.32	-0.603401105
29.33	-0.596752916
29.34	-0.590010494
29.35	-0.583174902
29.36	-0.57624722
29.37	-0.569228542
29.38	-0.562119976
29.39	-0.554922645
29.4	-0.547637685
29.41	-0.540266246
29.42	-0.532809494
29.43	-0.525268605
29.44	-0.517644769
29.45	-0.509939192
29.46	-0.502153089
29.47	-0.49428769
29.48	-0.486344238
29.49	-0.478323986
29.5	-0.470228202
29.51	-0.462058163
29.52	-0.453815159
29.53	-0.445500493
29.54	-0.437115477
29.55	-0.428661436
29.56	-0.420139704
29.57	-0.411551627
29.58	-0.402898561
29.59	-0.394181873
29.6	-0.385402939
29.61	-0.376563146
29.62	-0.367663888
29.63	-0.358706573
29.64	-0.349692613
29.65	-0.340623433
29.66	-0.331500465
29.67	-0.322325149
29.68	-0.313098933
29.69	-0.303823276
29.7	-0.294499642
29.71	-0.285129503
29.72	-0.275714339
29.73	-0.266255636
29.74	-0.256754888
29.75	-0.247213595
29.76	-0.237633265
29.77	-0.22801541
29.78	-0.218361548
29.79	-0.208673205
29.8	-0.19895191
29.81	-0.189199198
29.82	-0.179416609
29.83	-0.169605688
29.84	-0.159767984
29.85	-0.149905052
29.86	-0.140018447
29.87	-0.130109732
29.88	-0.120180471
29.89	-0.110232233
29.9	-0.100266587
29.91	-0.090285108
29.92	-0.080289372
29.93	-0.070280957
29.94	-0.060261444
29.95	-0.050232416
29.96	-0.040195455
29.97	-0.030152146
29.98	-0.020104076
29.99	-0.010052832
30	-1.17614E-15
30.01	0.010052832
30.02	0.020104076
30.03	0.030152146
30.04	0.040195455
30.05	0.050232416
30.06	0.060261444
30.07	0.070280957
30.08	0.080289372
30.09	0.090285108
30.1	0.100266587
30.11	0.110232233
30.12	0.120180471
30.13	0.130109732
30.14	0.140018447
30.15	0.149905052
30.16	0.159767984
30.17	0.169605688
30.18	0.179416609
30.19	0.189199198
30.2	0.19895191
30.21	0.208673205
30.22	0.218361548
30.23	0.22801541
30.24	0.237633265
30.25	0.247213595
30.26	0.256754888
30.27	0.266255636
30.28	0.275714339
30.29	0.285129503
30.3	0.294499642
30.31	0.303823276
30.32	0.313098933
30.33	0.322325149
30.34	0.331500465
30.35	0.340623433
30.36	0.349692613
30.37	0.358706573
30.38	0.367663888
30.39	0.376563146
30.4	0.385402939
30.41	0.394181873
30.42	0.402898561
30.43	0.411551627
30.44	0.420139704
30.45	0.428661436
30.46	0.437115477
30.47	0.445500493
30.48	0.453815159
30.49	0.462058163
30.5	0.470228202
30.51	0.478323986
30.52	0.486344238
30.53	0.49428769
30.54	0.502153089
30.55	0.509939192
30.56	0.517644769
30.57	0.525268605
30.58	0.532809494
30.59	0.540266246
30.6	0.547637685
30.61	0.554922645
30.62	0.562119976
30.63	0.569228542
30.64	0.57624722
30.65	0.583174902
30.66	0.590010494
30.67	0.596752916
30.68	0.603401105
30.69	0.609954009
30.7	0.616410594
30.71	0.622769841
30.72	0.629030746
30.73	0.635192319
30.74	0.641253588
30.75	0.647213595
30.76	0.653071401
30.77	0.658826078
30.78	0.664476719
30.79	0.670022432
30.8	0.67546234
30.81	0.680795585
30.82	0.686021325
30.83	0.691138734
30.84	0.696147004
30.85	0.701045344
30.86	0.705832981
30.87	0.710509159
30.88	0.715073139
30.89	0.719524201
30.9	0.723861642
30.91	0.728084777
30.92	0.732192938
30.93	0.736185478
30.94	0.740061765
30.95	0.743821189
30.96	0.747463154
30.97	0.750987086
30.98	0.754392429
30.99	0.757678644
31	0.760845213
31.01	0.763891636
31.02	0.766817431
31.03	0.769622137
31.04	0.772305311
31.05	0.774866529
31.06	0.777305386
31.07	0.779621498
31.08	0.781814499
31.09	0.783884042
31.1	0.785829801
31.11	0.787651468
31.12	0.789348755
31.13	0.790921396
31.14	0.792369141
31.15	0.793691761
31.16	0.794889048
31.17	0.795960814
31.18	0.796906887
31.19	0.79772712
31.2	0.798421383
31.21	0.798989565
31.22	0.799431578
31.23	0.799747351
31.24	0.799936835
31.25	0.8
31.26	0.799936835
31.27	0.799747351
31.28	0.799431578
31.29	0.798989565
31.3	0.798421383
31.31	0.79772712
31.32	0.796906887
31.33	0.795960814
31.34	0.794889048
31.35	0.793691761
31.36	0.792369141
31.37	0.790921396
31.38	0.789348755
31.39	0.787651468
31.4	0.785829801
31.41	0.783884042
31.42	0.781814499
31.43	0.779621498
31.44	0.777305386
31.45	0.774866529
31.46	0.772305311
31.47	0.769622137
31.48	0.766817431
31.49	0.763891636
31.5	0.760845213
31.51	0.757678644
31.52	0.754392429
31.53	0.750987086
31.54	0.747463154
31.55	0.743821189
31.56	0.740061765
31.57	0.736185478
31.58	0.732192938
31.59	0.728084777
31.6	0.723861642
31.61	0.719524201
31.62	0.715073139
31.63	0.710509159
31.64	0.705832981
31.65	0.701045344
31.66	0.696147004
31.67	0.691138734
31.68	0.686021325
31.69	0.680795585
31.7	0.67546234
31.71	0.670022432
31.72	0.664476719
31.73	0.658826078
31.74	0.653071401
31.75	0.647213595
31.76	0.641253588
31.77	0.635192319
31.78	0.629030746
31.79	0.622769841
31.8	0.616410594
31.81	0.609954009
31.82	0.603401105
31.83	0.596752916
31.84	0.590010494
31.85	0.583174902
31.86	0.57624722
31.87	0.569228542
31.88	0.562119976
31.89	0.554922645
31.9	0.547637685
31.91	0.540266246
31.92	0.532809494
31.93	0.525268605
31.94	0.517644769
31.95	0.509939192
31.96	0.502153089
31.97	0.49428769
31.98	0.486344238
31.99	0.478323986
32	0.470228202
32.01	0.462058163
32.02	0.453815159
32.03	0.445500493
32.04	0.437115477
32.05	0.428661436
32.06	0.420139704
32.07	0.411551627
32.08	0.402898561
32.09	0.394181873
32.1	0.385402939
32.11	0.376563146
32.12	0.367663888
32.13	0.358706573
32.14	0.349692613
32.15	0.340623433
32.16	0.331500465
32.17	0.322325149
32.18	0.313098933
32.19	0.303823276
32.2	0.294499642
32.21	0.285129503
32.22	0.275714339
32.23	0.266255636
32.24	0.256754888
32.25	0.247213595
32.26	0.237633265
32.27	0.22801541
32.28	0.218361548
32.29	0.208673205
32.3	0.19895191
32.31	0.189199198
32.32	0.179416609
32.33	0.169605688
32.34	0.159767984
32.35	0.149905052
32.36	0.140018447
32.37	0.130109732
32.38	0.120180471
32.39	0.110232233
32.4	0.100266587
32.41	0.090285108
32.42	0.080289372
32.43	0.070280957
32.44	0.060261444
32.45	0.050232416
32.46	0.040195455
32.47	0.030152146
32.48	0.020104076
32.49	0.010052832
32.5	-1.56802E-15
32.51	-0.010052832
32.52	-0.020104076
32.53	-0.030152146
32.54	-0.040195455
32.55	-0.050232416
32.56	-0.060261444
32.57	-0.070280957
32.58	-0.080289372
32.59	-0.090285108
32.6	-0.100266587
32.61	-0.110232233
32.62	-0.120180471
32.63	-0.130109732
32.64	-0.140018447
32.65	-0.149905052
32.66	-0.159767984
32.67	-0.169605688
32.68	-0.179416609
32.69	-0.189199198
32.7	-0.19895191
32.71	-0.208673205
32.72	-0.218361548
32.73	-0.22801541
32.74	-0.237633265
32.75	-0.247213595
32.76	-0.256754888
32.77	-0.266255636
32.78	-0.275714339
32.79	-0.285129503
32.8	-0.294499642
32.81	-0.303823276
32.82	-0.313098933
32.83	-0.322325149
32.84	-0.331500465
32.85	-0.340623433
32.86	-0.349692613
32.87	-0.358706573
32.88	-0.367663888
32.89	-0.376563146
32.9	-0.385402939
32.91	-0.394181873
32.92	-0.402898561
32.93	-0.411551627
32.94	-0.420139704
32.95	-0.428661436
32.96	-0.437115477
32.97	-0.445500493
32.98	-0.453815159
32.99	-0.462058163
33	-0.470228202
33.01	-0.478323986
33.02	-0.486344238
33.03	-0.49428769
33.04	-0.502153089
33.05	-0.509939192
33.06	-0.517644769
33.07	-0.525268605
33.08	-0.532809494
33.09	-0.540266246
33.1	-0.547637685
33.11	-0.554922645
33.12	-0.562119976
33.13	-0.569228542
33.14	-0.57624722
33.15	-0.583174902
33.16	-0.590010494
33.17	-0.596752916
33.18	-0.603401105
33.19	-0.609954009
33.2	-0.616410594
33.21	-0.622769841
33.22	-0.629030746
33.23	-0.635192319
33.24	-0.641253588
33.25	-0.647213595
33.26	-0.653071401
33.27	-0.658826078
33.28	-0.664476719
33.29	-0.670022432
33.3	-0.67546234
33.31	-0.680795585
33.32	-0.686021325
33.33	-0.691138734
33.34	-0.696147004
33.35	-0.701045344
33.36	-0.705832981
33.37	-0.710509159
33.38	-0.715073139
33.39	-0.719524201
33.4	-0.723861642
33.41	-0.728084777
33.42	-0.732192938
33.43	-0.736185478
33.44	-0.740061765
33.45	-0.743821189
33.46	-0.747463154
33.47	-0.750987086
33.48	-0.754392429
33.49	-0.757678644
33.5	-0.760845213
33.51	-0.763891636
33.52	-0.766817431
33.53	-0.769622137
33.54	-0.772305311
33.55	-0.774866529
33.56	-0.777305386
33.57	-0.779621498
33.58	-0.781814499
33.59	-0.783884042
33.6	-0.785829801
33.61	-0.787651468
33.62	-0.789348755
33.63	-0.790921396
33.64	-0.792369141
33.65	-0.793691761
33.66	-0.794889048
33.67	-0.795960814
33.68	-0.796906887
33.69	-0.79772712
33.7	-0.798421383
33.71	-0.798989565
33.72	-0.799431578
33.73	-0.799747351
33.74	-0.799936835
33.75	-0.8
33.76	-0.799936835
33.77	-0.799747351
33.78	-0.799431578
33.79	-0.798989565
33.8	-0.798421383
33.81	-0.79772712
33.82	-0.796906887
33.83	-0.795960814
33.84	-0.794889048
33.85	-0.793691761
33.86	-0.792369141
33.87	-0.790921396
33.88	-0.789348755
33.89	-0.787651468
33.9	-0.785829801
33.91	-0.783884042
33.92	-0.781814499
33.93	-0.779621498
33.94	-0.777305386
33.95	-0.774866529
33.96	-0.772305311
33.97	-0.769622137
33.98	-0.766817431
33.99	-0.763891636
34	-0.760845213
34.01	-0.757678644
34.02	-0.754392429
34.03	-0.750987086
34.04	-0.747463154
34.05	-0.743821189
34.06	-0.740061765
34.07	-0.736185478
34.08	-0.732192938
34.09	-0.728084777
34.1	-0.723861642
34.11	-0.719524201
34.12	-0.715073139
34.13	-0.710509159
34.14	-0.705832981
34.15	-0.701045344
34.16	-0.696147004
34.17	-0.691138734
34.18	-0.686021325
34.19	-0.680795585
34.2	-0.67546234
34.21	-0.670022432
34.22	-0.664476719
34.23	-0.658826078
34.24	-0.653071401
34.25	-0.647213595
34.26	-0.641253588
34.27	-0.635192319
34.28	-0.629030746
34.29	-0.622769841
34.3	-0.616410594
34.31	-0.609954009
34.32	-0.603401105
34.33	-0.596752916
34.34	-0.590010494
34.35	-0.583174902
34.36	-0.57624722
34.37	-0.569228542
34.38	-0.562119976
34.39	-0.554922645
34.4	-0.547637685
34.41	-0.540266246
34.42	-0.532809494
34.43	-0.525268605
34.44	-0.517644769
34.45	-0.509939192
34.46	-0.502153089
34.47	-0.49428769
34.48	-0.486344238
34.49	-0.478323986
34.5	-0.470228202
34.51	-0.462058163
34.52	-0.453815159
34.53	-0.445500493
34.54	-0.437115477
34.55	-0.428661436
34.56	-0.420139704
34.57	-0.411551627
34.58	-0.402898561
34.59	-0.394181873
34.6	-0.385402939
34.61	-0.376563146
34.62	-0.367663888
34.63	-0.358706573
34.64	-0.349692613
34.65	-0.340623433
34.66	-0.331500465
34.67	-0.322325149
34.68	-0.313098933
34.69	-0.303823276
34.7	-0.294499642
34.71	-0.285129503
34.72	-0.275714339
34.73	-0.266255636
34.74	-0.256754888
34.75	-0.247213595
34.76	-0.237633265
34.77	-0.22801541
34.78	-0.218361548
34.79	-0.208673205
34.8	-0.19895191
34.81	-0.189199198
34.82	-0.179416609
34.83	-0.169605688
34.84	-0.159767984
34.85	-0.149905052
34.86	-0.140018447
34.87	-0.130109732
34.88	-0.120180471
34.89	-0.110232233
34.9	-0.100266587
34.91	-0.090285108
34.92	-0.080289372
34.93	-0.070280957
34.94	-0.060261444
34.95	-0.050232416
34.96	-0.040195455
34.97	-0.030152146
34.98	-0.020104076
34.99	-0.010052832
35	-1.37217E-15
35.01	0.010052832
35.02	0.020104076
35.03	0.030152146
35.04	0.040195455
35.05	0.050232416
35.06	0.060261444
35.07	0.070280957
35.08	0.080289372
35.09	0.090285108
35.1	0.100266587
35.11	0.110232233
35.12	0.120180471
35.13	0.130109732
35.14	0.140018447
35.15	0.149905052
35.16	0.159767984
35.17	0.169605688
35.18	0.179416609
35.19	0.189199198
35.2	0.19895191
35.21	0.208673205
35.22	0.218361548
35.23	0.22801541
35.24	0.237633265
35.25	0.247213595
35.26	0.256754888
35.27	0.266255636
35.28	0.275714339
35.29	0.285129503
35.3	0.294499642
35.31	0.303823276
35.32	0.313098933
35.33	0.322325149
35.34	0.331500465
35.35	0.340623433
35.36	0.349692613
35.37	0.358706573
35.38	0.367663888
35.39	0.376563146
35.4	0.385402939
35.41	0.394181873
35.42	0.402898561
35.43	0.411551627
35.44	0.420139704
35.45	0.428661436
35.46	0.437115477
35.47	0.445500493
35.48	0.453815159
35.49	0.462058163
35.5	0.470228202
35.51	0.478323986
35.52	0.486344238
35.53	0.49428769
35.54	0.502153089
35.55	0.509939192
35.56	0.517644769
35.57	0.525268605
35.58	0.532809494
35.59	0.540266246
35.6	0.547637685
35.61	0.554922645
35.62	0.562119976
35.63	0.569228542
35.64	0.57624722
35.65	0.583174902
35.66	0.590010494
35.67	0.596752916
35.68	0.603401105
35.69	0.609954009
35.7	0.616410594
35.71	0.622769841
35.72	0.629030746
35.73	0.635192319
35.74	0.641253588
35.75	0.647213595
35.76	0.653071401
35.77	0.658826078
35.78	0.664476719
35.79	0.670022432
35.8	0.67546234
35.81	0.680795585
35.82	0.686021325
35.83	0.691138734
35.84	0.696147004
35.85	0.701045344
35.86	0.705832981
35.87	0.710509159
35.88	0.715073139
35.89	0.719524201
35.9	0.723861642
35.91	0.728084777
35.92	0.732192938
35.93	0.736185478
35.94	0.740061765
35.95	0.743821189
35.96	0.747463154
35.97	0.750987086
35.98	0.754392429
35.99	0.757678644
36	0.760845213
36.01	0.763891636
36.02	0.766817431
36.03	0.769622137
36.04	0.772305311
36.05	0.774866529
36.06	0.777305386
36.07	0.779621498
36.08	0.781814499
36.09	0.783884042
36.1	0.785829801
36.11	0.787651468
36.12	0.789348755
36.13	0.790921396
36.14	0.792369141
36.15	0.793691761
36.16	0.794889048
36.17	0.795960814
36.18	0.796906887
36.19	0.79772712
36.2	0.798421383
36.21	0.798989565
36.22	0.799431578
36.23	0.799747351
36.24	0.799936835
36.25	0.8
36.26	0.799936835
36.27	0.799747351
36.28	0.799431578
36.29	0.798989565
36.3	0.798421383
36.31	0.79772712
36.32	0.796906887
36.33	0.795960814
36.34	0.794889048
36.35	0.793691761
36.36	0.792369141
36.37	0.790921396
36.38	0.789348755
36.39	0.787651468
36.4	0.785829801
36.41	0.783884042
36.42	0.781814499
36.43	0.779621498
36.44	0.777305386
36.45	0.774866529
36.46	0.772305311
36.47	0.769622137
36.48	0.766817431
36.49	0.763891636
36.5	0.760845213
36.51	0.757678644
36.52	0.754392429
36.53	0.750987086
36.54	0.747463154
36.55	0.743821189
36.56	0.740061765
36.57	0.736185478
36.58	0.732192938
36.59	0.728084777
36.6	0.723861642
36.61	0.719524201
36.62	0.715073139
36.63	0.710509159
36.64	0.705832981
36.65	0.701045344
36.66	0.696147004
36.67	0.691138734
36.68	0.686021325
36.69	0.680795585
36.7	0.67546234
36.71	0.670022432
36.72	0.664476719
36.73	0.658826078
36.74	0.653071401
36.75	0.647213595
36.76	0.641253588
36.77	0.635192319
36.78	0.629030746
36.79	0.622769841
36.8	0.616410594
36.81	0.609954009
36.82	0.603401105
36.83	0.596752916
36.84	0.590010494
36.85	0.583174902
36.86	0.57624722
36.87	0.569228542
36.88	0.562119976
36.89	0.554922645
36.9	0.547637685
36.91	0.540266246
36.92	0.532809494
36.93	0.525268605
36.94	0.517644769
36.95	0.509939192
36.96	0.502153089
36.97	0.49428769
36.98	0.486344238
36.99	0.478323986
37	0.470228202
37.01	0.462058163
37.02	0.453815159
37.03	0.445500493
37.04	0.437115477
37.05	0.428661436
37.06	0.420139704
37.07	0.411551627
37.08	0.402898561
37.09	0.394181873
37.1	0.385402939
37.11	0.376563146
37.12	0.367663888
37.13	0.358706573
37.14	0.349692613
37.15	0.340623433
37.16	0.331500465
37.17	0.322325149
37.18	0.313098933
37.19	0.303823276
37.2	0.294499642
37.21	0.285129503
37.22	0.275714339
37.23	0.266255636
37.24	0.256754888
37.25	0.247213595
37.26	0.237633265
37.27	0.22801541
37.28	0.218361548
37.29	0.208673205
37.3	0.19895191
37.31	0.189199198
37.32	0.179416609
37.33	0.169605688
37.34	0.159767984
37.35	0.149905052
37.36	0.140018447
37.37	0.130109732
37.38	0.120180471
37.39	0.110232233
37.4	0.100266587
37.41	0.090285108
37.42	0.080289372
37.43	0.070280957
37.44	0.060261444
37.45	0.050232416
37.46	0.040195455
37.47	0.030152146
37.48	0.020104076
37.49	0.010052832
37.5	4.31235E-15
37.51	-0.010052832
37.52	-0.020104076
37.53	-0.030152146
37.54	-0.040195455
37.55	-0.050232416
37.56	-0.060261444
37.57	-0.070280957
37.58	-0.080289372
37.59	-0.090285108
37.6	-0.100266587
37.61	-0.110232233
37.62	-0.120180471
37.63	-0.130109732
37.64	-0.140018447
37.65	-0.149905052
37.66	-0.159767984
37.67	-0.169605688
37.68	-0.179416609
37.69	-0.189199198
37.7	-0.19895191
37.71	-0.208673205
37.72	-0.218361548
37.73	-0.22801541
37.74	-0.237633265
37.75	-0.247213595
37.76	-0.256754888
37.77	-0.266255636
37.78	-0.275714339
37.79	-0.285129503
37.8	-0.294499642
37.81	-0.303823276
37.82	-0.313098933
37.83	-0.322325149
37.84	-0.331500465
37.85	-0.340623433
37.86	-0.349692613
37.87	-0.358706573
37.88	-0.367663888
37.89	-0.376563146
37.9	-0.385402939
37.91	-0.394181873
37.92	-0.402898561
37.93	-0.411551627
37.94	-0.420139704
37.95	-0.428661436
37.96	-0.437115477
37.97	-0.445500493
37.98	-0.453815159
37.99	-0.462058163
38	-0.470228202
38.01	-0.478323986
38.02	-0.486344238
38.03	-0.49428769
38.04	-0.502153089
38.05	-0.509939192
38.06	-0.517644769
38.07	-0.525268605
38.08	-0.532809494
38.09	-0.540266246
38.1	-0.547637685
38.11	-0.554922645
38.12	-0.562119976
38.13	-0.569228542
38.14	-0.57624722
38.15	-0.583174902
38.16	-0.590010494
38.17	-0.596752916
38.18	-0.603401105
38.19	-0.609954009
38.2	-0.616410594
38.21	-0.622769841
38.22	-0.629030746
38.23	-0.635192319
38.24	-0.641253588
38.25	-0.647213595
38.26	-0.653071401
38.27	-0.658826078
38.28	-0.664476719
38.29	-0.670022432
38.3	-0.67546234
38.31	-0.680795585
38.32	-0.686021325
38.33	-0.691138734
38.34	-0.696147004
38.35	-0.701045344
38.36	-0.705832981
38.37	-0.710509159
38.38	-0.715073139
38.39	-0.719524201
38.4	-0.723861642
38.41	-0.728084777
38.42	-0.732192938
38.43	-0.736185478
38.44	-0.740061765
38.45	-0.743821189
38.46	-0.747463154
38.47	-0.750987086
38.48	-0.754392429
38.49	-0.757678644
38.5	-0.760845213
38.51	-0.763891636
38.52	-0.766817431
38.53	-0.769622137
38.54	-0.772305311
38.55	-0.774866529
38.56	-0.777305386
38.57	-0.779621498
38.58	-0.781814499
38.59	-0.783884042
38.6	-0.785829801
38.61	-0.787651468
38.62	-0.789348755
38.63	-0.790921396
38.64	-0.792369141
38.65	-0.793691761
38.66	-0.794889048
38.67	-0.795960814
38.68	-0.796906887
38.69	-0.79772712
38.7	-0.798421383
38.71	-0.798989565
38.72	-0.799431578
38.73	-0.799747351
38.74	-0.799936835
38.75	-0.8
38.76	-0.799936835
38.77	-0.799747351
38.78	-0.799431578
38.79	-0.798989565
38.8	-0.798421383
38.81	-0.79772712
38.82	-0.796906887
38.83	-0.795960814
38.84	-0.794889048
38.85	-0.793691761
38.86	-0.792369141
38.87	-0.790921396
38.88	-0.789348755
38.89	-0.787651468
38.9	-0.785829801
38.91	-0.783884042
38.92	-0.781814499
38.93	-0.779621498
38.94	-0.777305386
38.95	-0.774866529
38.96	-0.772305311
38.97	-0.769622137
38.98	-0.766817431
38.99	-0.763891636
39	-0.760845213
39.01	-0.757678644
39.02	-0.754392429
39.03	-0.750987086
39.04	-0.747463154
39.05	-0.743821189
39.06	-0.740061765
39.07	-0.736185478
39.08	-0.732192938
39.09	-0.728084777
39.1	-0.723861642
39.11	-0.719524201
39.12	-0.715073139
39.13	-0.710509159
39.14	-0.705832981
39.15	-0.701045344
39.16	-0.696147004
39.17	-0.691138734
39.18	-0.686021325
39.19	-0.680795585
39.2	-0.67546234
39.21	-0.670022432
39.22	-0.664476719
39.23	-0.658826078
39.24	-0.653071401
39.25	-0.647213595
39.26	-0.641253588
39.27	-0.635192319
39.28	-0.629030746
39.29	-0.622769841
39.3	-0.616410594
39.31	-0.609954009
39.32	-0.603401105
39.33	-0.596752916
39.34	-0.590010494
39.35	-0.583174902
39.36	-0.57624722
39.37	-0.569228542
39.38	-0.562119976
39.39	-0.554922645
39.4	-0.547637685
39.41	-0.540266246
39.42	-0.532809494
39.43	-0.525268605
39.44	-0.517644769
39.45	-0.509939192
39.46	-0.502153089
39.47	-0.49428769
39.48	-0.486344238
39.49	-0.478323986
39.5	-0.470228202
39.51	-0.462058163
39.52	-0.453815159
39.53	-0.445500493
39.54	-0.437115477
39.55	-0.428661436
39.56	-0.420139704
39.57	-0.411551627
39.58	-0.402898561
39.59	-0.394181873
39.6	-0.385402939
39.61	-0.376563146
39.62	-0.367663888
39.63	-0.358706573
39.64	-0.349692613
39.65	-0.340623433
39.66	-0.331500465
39.67	-0.322325149
39.68	-0.313098933
39.69	-0.303823276
39.7	-0.294499642
39.71	-0.285129503
39.72	-0.275714339
39.73	-0.266255636
39.74	-0.256754888
39.75	-0.247213595
39.76	-0.237633265
39.77	-0.22801541
39.78	-0.218361548
39.79	-0.208673205
39.8	-0.19895191
39.81	-0.189199198
39.82	-0.179416609
39.83	-0.169605688
39.84	-0.159767984
39.85	-0.149905052
39.86	-0.140018447
39.87	-0.130109732
39.88	-0.120180471
39.89	-0.110232233
39.9	-0.100266587
39.91	-0.090285108
39.92	-0.080289372
39.93	-0.070280957
39.94	-0.060261444
39.95	-0.050232416
39.96	-0.040195455
39.97	-0.030152146
39.98	-0.020104076
39.99	-0.010052832
40	-1.56819E-15
40.01	0.010052832
40.02	0.020104076
40.03	0.030152146
40.04	0.040195455
40.05	0.050232416
40.06	0.060261444
40.07	0.070280957
40.08	0.080289372
40.09	0.090285108
40.1	0.100266587
40.11	0.110232233
40.12	0.120180471
40.13	0.130109732
40.14	0.140018447
40.15	0.149905052
40.16	0.159767984
40.17	0.169605688
40.18	0.179416609
40.19	0.189199198
40.2	0.19895191
40.21	0.208673205
40.22	0.218361548
40.23	0.22801541
40.24	0.237633265
40.25	0.247213595
40.26	0.256754888
40.27	0.266255636
40.28	0.275714339
40.29	0.285129503
40.3	0.294499642
40.31	0.303823276
40.32	0.313098933
40.33	0.322325149
40.34	0.331500465
40.35	0.340623433
40.36	0.349692613
40.37	0.358706573
40.38	0.367663888
40.39	0.376563146
40.4	0.385402939
40.41	0.394181873
40.42	0.402898561
40.43	0.411551627
40.44	0.420139704
40.45	0.428661436
40.46	0.437115477
40.47	0.445500493
40.48	0.453815159
40.49	0.462058163
40.5	0.470228202
40.51	0.478323986
40.52	0.486344238
40.53	0.49428769
40.54	0.502153089
40.55	0.509939192
40.56	0.517644769
40.57	0.525268605
40.58	0.532809494
40.59	0.540266246
40.6	0.547637685
40.61	0.554922645
40.62	0.562119976
40.63	0.569228542
40.64	0.57624722
40.65	0.583174902
40.66	0.590010494
40.67	0.596752916
40.68	0.603401105
40.69	0.609954009
40.7	0.616410594
40.71	0.622769841
40.72	0.629030746
40.73	0.635192319
40.74	0.641253588
40.75	0.647213595
40.76	0.653071401
40.77	0.658826078
40.78	0.664476719
40.79	0.670022432
40.8	0.67546234
40.81	0.680795585
40.82	0.686021325
40.83	0.691138734
40.84	0.696147004
40.85	0.701045344
40.86	0.705832981
40.87	0.710509159
40.88	0.715073139
40.89	0.719524201
40.9	0.723861642
40.91	0.728084777
40.92	0.732192938
40.93	0.736185478
40.94	0.740061765
40.95	0.743821189
40.96	0.747463154
40.97	0.750987086
40.98	0.754392429
40.99	0.757678644
41	0.760845213
41.01	0.763891636
41.02	0.766817431
41.03	0.769622137
41.04	0.772305311
41.05	0.774866529
41.06	0.777305386
41.07	0.779621498
41.08	0.781814499
41.09	0.783884042
41.1	0.785829801
41.11	0.787651468
41.12	0.789348755
41.13	0.790921396
41.14	0.792369141
41.15	0.793691761
41.16	0.794889048
41.17	0.795960814
41.18	0.796906887
41.19	0.79772712
41.2	0.798421383
41.21	0.798989565
41.22	0.799431578
41.23	0.799747351
41.24	0.799936835
41.25	0.8
41.26	0.799936835
41.27	0.799747351
41.28	0.799431578
41.29	0.798989565
41.3	0.798421383
41.31	0.79772712
41.32	0.796906887
41.33	0.795960814
41.34	0.794889048
41.35	0.793691761
41.36	0.792369141
41.37	0.790921396
41.38	0.789348755
41.39	0.787651468
41.4	0.785829801
41.41	0.783884042
41.42	0.781814499
41.43	0.779621498
41.44	0.777305386
41.45	0.774866529
41.46	0.772305311
41.47	0.769622137
41.48	0.766817431
41.49	0.763891636
41.5	0.760845213
41.51	0.757678644
41.52	0.754392429
41.53	0.750987086
41.54	0.747463154
41.55	0.743821189
41.56	0.740061765
41.57	0.736185478
41.58	0.732192938
41.59	0.728084777
41.6	0.723861642
41.61	0.719524201
41.62	0.715073139
41.63	0.710509159
41.64	0.705832981
41.65	0.701045344
41.66	0.696147004
41.67	0.691138734
41.68	0.686021325
41.69	0.680795585
41.7	0.67546234
41.71	0.670022432
41.72	0.664476719
41.73	0.658826078
41.74	0.653071401
41.75	0.647213595
41.76	0.641253588
41.77	0.635192319
41.78	0.629030746
41.79	0.622769841
41.8	0.616410594
41.81	0.609954009
41.82	0.603401105
41.83	0.596752916
41.84	0.590010494
41.85	0.583174902
41.86	0.57624722
41.87	0.569228542
41.88	0.562119976
41.89	0.554922645
41.9	0.547637685
41.91	0.540266246
41.92	0.532809494
41.93	0.525268605
41.94	0.517644769
41.95	0.509939192
41.96	0.502153089
41.97	0.49428769
41.98	0.486344238
41.99	0.478323986
42	0.470228202
42.01	0.462058163
42.02	0.453815159
42.03	0.445500493
42.04	0.437115477
42.05	0.428661436
42.06	0.420139704
42.07	0.411551627
42.08	0.402898561
42.09	0.394181873
42.1	0.385402939
42.11	0.376563146
42.12	0.367663888
42.13	0.358706573
42.14	0.349692613
42.15	0.340623433
42.16	0.331500465
42.17	0.322325149
42.18	0.313098933
42.19	0.303823276
42.2	0.294499642
42.21	0.285129503
42.22	0.275714339
42.23	0.266255636
42.24	0.256754888
42.25	0.247213595
42.26	0.237633265
42.27	0.22801541
42.28	0.218361548
42.29	0.208673205
42.3	0.19895191
42.31	0.189199198
42.32	0.179416609
42.33	0.169605688
42.34	0.159767984
42.35	0.149905052
42.36	0.140018447
42.37	0.130109732
42.38	0.120180471
42.39	0.110232233
42.4	0.100266587
42.41	0.090285108
42.42	0.080289372
42.43	0.070280957
42.44	0.060261444
42.45	0.050232416
42.46	0.040195455
42.47	0.030152146
42.48	0.020104076
42.49	0.010052832
42.5	-1.17597E-15
42.51	-0.010052832
42.52	-0.020104076
42.53	-0.030152146
42.54	-0.040195455
42.55	-0.050232416
42.56	-0.060261444
42.57	-0.070280957
42.58	-0.080289372
42.59	-0.090285108
42.6	-0.100266587
42.61	-0.110232233
42.62	-0.120180471
42.63	-0.130109732
42.64	-0.140018447
42.65	-0.149905052
42.66	-0.159767984
42.67	-0.169605688
42.68	-0.179416609
42.69	-0.189199198
42.7	-0.19895191
42.71	-0.208673205
42.72	-0.218361548
42.73	-0.22801541
42.74	-0.237633265
42.75	-0.247213595
42.76	-0.256754888
42.77	-0.266255636
42.78	-0.275714339
42.79	-0.285129503
42.8	-0.294499642
42.81	-0.303823276
42.82	-0.313098933
42.83	-0.322325149
42.84	-0.331500465
42.85	-0.340623433
42.86	-0.349692613
42.87	-0.358706573
42.88	-0.367663888
42.89	-0.376563146
42.9	-0.385402939
42.91	-0.394181873
42.92	-0.402898561
42.93	-0.411551627
42.94	-0.420139704
42.95	-0.428661436
42.96	-0.437115477
42.97	-0.445500493
42.98	-0.453815159
42.99	-0.462058163
43	-0.470228202
43.01	-0.478323986
43.02	-0.486344238
43.03	-0.49428769
43.04	-0.502153089
43.05	-0.509939192
43.06	-0.517644769
43.07	-0.525268605
43.08	-0.532809494
43.09	-0.540266246
43.1	-0.547637685
43.11	-0.554922645
43.12	-0.562119976
43.13	-0.569228542
43.14	-0.57624722
43.15	-0.583174902
43.16	-0.590010494
43.17	-0.596752916
43.18	-0.603401105
43.19	-0.609954009
43.2	-0.616410594
43.21	-0.622769841
43.22	-0.629030746
43.23	-0.635192319
43.24	-0.641253588
43.25	-0.647213595
43.26	-0.653071401
43.27	-0.658826078
43.28	-0.664476719
43.29	-0.670022432
43.3	-0.67546234
43.31	-0.680795585
43.32	-0.686021325
43.33	-0.691138734
43.34	-0.696147004
43.35	-0.701045344
43.36	-0.705832981
43.37	-0.710509159
43.38	-0.715073139
43.39	-0.719524201
43.4	-0.723861642
43.41	-0.728084777
43.42	-0.732192938
43.43	-0.736185478
43.44	-0.740061765
43.45	-0.743821189
43.46	-0.747463154
43.47	-0.750987086
43.48	-0.754392429
43.49	-0.757678644
43.5	-0.760845213
43.51	-0.763891636
43.52	-0.766817431
43.53	-0.769622137
43.54	-0.772305311
43.55	-0.774866529
43.56	-0.777305386
43.57	-0.779621498
43.58	-0.781814499
43.59	-0.783884042
43.6	-0.785829801
43.61	-0.787651468
43.62	-0.789348755
43.63	-0.790921396
43.64	-0.792369141
43.65	-0.793691761
43.66	-0.794889048
43.67	-0.795960814
43.68	-0.796906887
43.69	-0.79772712
43.7	-0.798421383
43.71	-0.798989565
43.72	-0.799431578
43.73	-0.799747351
43.74	-0.799936835
43.75	-0.8
43.76	-0.799936835
43.77	-0.799747351
43.78	-0.799431578
43.79	-0.798989565
43.8	-0.798421383
43.81	-0.79772712
43.82	-0.796906887
43.83	-0.795960814
43.84	-0.794889048
43.85	-0.793691761
43.86	-0.792369141
43.87	-0.790921396
43.88	-0.789348755
43.89	-0.787651468
43.9	-0.785829801
43.91	-0.783884042
43.92	-0.781814499
43.93	-0.779621498
43.94	-0.777305386
43.95	-0.774866529
43.96	-0.772305311
43.97	-0.769622137
43.98	-0.766817431
43.99	-0.763891636
44	-0.760845213
44.01	-0.757678644
44.02	-0.754392429
44.03	-0.750987086
44.04	-0.747463154
44.05	-0.743821189
44.06	-0.740061765
44.07	-0.736185478
44.08	-0.732192938
44.09	-0.728084777
44.1	-0.723861642
44.11	-0.719524201
44.12	-0.715073139
44.13	-0.710509159
44.14	-0.705832981
44.15	-0.701045344
44.16	-0.696147004
44.17	-0.691138734
44.18	-0.686021325
44.19	-0.680795585
44.2	-0.67546234
44.21	-0.670022432
44.22	-0.664476719
44.23	-0.658826078
44.24	-0.653071401
44.25	-0.647213595
44.26	-0.641253588
44.27	-0.635192319
44.28	-0.629030746
44.29	-0.622769841
44.3	-0.616410594
44.31	-0.609954009
44.32	-0.603401105
44.33	-0.596752916
44.34	-0.590010494
44.35	-0.583174902
44.36	-0.57624722
44.37	-0.569228542
44.38	-0.562119976
44.39	-0.554922645
44.4	-0.547637685
44.41	-0.540266246
44.42	-0.532809494
44.43	-0.525268605
44.44	-0.517644769
44.45	-0.509939192
44.46	-0.502153089
44.47	-0.49428769
44.48	-0.486344238
44.49	-0.478323986
44.5	-0.470228202
44.51	-0.462058163
44.52	-0.453815159
44.53	-0.445500493
44.54	-0.437115477
44.55	-0.428661436
44.56	-0.420139704
44.57	-0.411551627
44.58	-0.402898561
44.59	-0.394181873
44.6	-0.385402939
44.61	-0.376563146
44.62	-0.367663888
44.63	-0.358706573
44.64	-0.349692613
44.65	-0.340623433
44.66	-0.331500465
44.67	-0.322325149
44.68	-0.313098933
44.69	-0.303823276
44.7	-0.294499642
44.71	-0.285129503
44.72	-0.275714339
44.73	-0.266255636
44.74	-0.256754888
44.75	-0.247213595
44.76	-0.237633265
44.77	-0.22801541
44.78	-0.218361548
44.79	-0.208673205
44.8	-0.19895191
44.81	-0.189199198
44.82	-0.179416609
44.83	-0.169605688
44.84	-0.159767984
44.85	-0.149905052
44.86	-0.140018447
44.87	-0.130109732
44.88	-0.120180471
44.89	-0.110232233
44.9	-0.100266587
44.91	-0.090285108
44.92	-0.080289372
44.93	-0.070280957
44.94	-0.060261444
44.95	-0.050232416
44.96	-0.040195455
44.97	-0.030152146
44.98	-0.020104076
44.99	-0.010052832
45	-1.76421E-15
45.01	0.010052832
45.02	0.020104076
45.03	0.030152146
45.04	0.040195455
45.05	0.050232416
45.06	0.060261444
45.07	0.070280957
45.08	0.080289372
45.09	0.090285108
45.1	0.100266587
45.11	0.110232233
45.12	0.120180471
45.13	0.130109732
45.14	0.140018447
45.15	0.149905052
45.16	0.159767984
45.17	0.169605688
45.18	0.179416609
45.19	0.189199198
45.2	0.19895191
45.21	0.208673205
45.22	0.218361548
45.23	0.22801541
45.24	0.237633265
45.25	0.247213595
45.26	0.256754888
45.27	0.266255636
45.28	0.275714339
45.29	0.285129503
45.3	0.294499642
45.31	0.303823276
45.32	0.313098933
45.33	0.322325149
45.34	0.331500465
45.35	0.340623433
45.36	0.349692613
45.37	0.358706573
45.38	0.367663888
45.39	0.376563146
45.4	0.385402939
45.41	0.394181873
45.42	0.402898561
45.43	0.411551627
45.44	0.420139704
45.45	0.428661436
45.46	0.437115477
45.47	0.445500493
45.48	0.453815159
45.49	0.462058163
45.5	0.470228202
45.51	0.478323986
45.52	0.486344238
45.53	0.49428769
45.54	0.502153089
45.55	0.509939192
45.56	0.517644769
45.57	0.525268605
45.58	0.532809494
45.59	0.540266246
45.6	0.547637685
45.61	0.554922645
45.62	0.562119976
45.63	0.569228542
45.64	0.57624722
45.65	0.583174902
45.66	0.590010494
45.67	0.596752916
45.68	0.603401105
45.69	0.609954009
45.7	0.616410594
45.71	0.622769841
45.72	0.629030746
45.73	0.635192319
45.74	0.641253588
45.75	0.647213595
45.76	0.653071401
45.77	0.658826078
45.78	0.664476719
45.79	0.670022432
45.8	0.67546234
45.81	0.680795585
45.82	0.686021325
45.83	0.691138734
45.84	0.696147004
45.85	0.701045344
45.86	0.705832981
45.87	0.710509159
45.88	0.715073139
45.89	0.719524201
45.9	0.723861642
45.91	0.728084777
45.92	0.732192938
45.93	0.736185478
45.94	0.740061765
45.95	0.743821189
45.96	0.747463154
45.97	0.750987086
45.98	0.754392429
45.99	0.757678644
46	0.760845213
46.01	0.763891636
46.02	0.766817431
46.03	0.769622137
46.04	0.772305311
46.05	0.774866529
46.06	0.777305386
46.07	0.779621498
46.08	0.781814499
46.09	0.783884042
46.1	0.785829801
46.11	0.787651468
46.12	0.789348755
46.13	0.790921396
46.14	0.792369141
46.15	0.793691761
46.16	0.794889048
46.17	0.795960814
46.18	0.796906887
46.19	0.79772712
46.2	0.798421383
46.21	0.798989565
46.22	0.799431578
46.23	0.799747351
46.24	0.799936835
46.25	0.8
46.26	0.799936835
46.27	0.799747351
46.28	0.799431578
46.29	0.798989565
46.3	0.798421383
46.31	0.79772712
46.32	0.796906887
46.33	0.795960814
46.34	0.794889048
46.35	0.793691761
46.36	0.792369141
46.37	0.790921396
46.38	0.789348755
46.39	0.787651468
46.4	0.785829801
46.41	0.783884042
46.42	0.781814499
46.43	0.779621498
46.44	0.777305386
46.45	0.774866529
46.46	0.772305311
46.47	0.769622137
46.48	0.766817431
46.49	0.763891636
46.5	0.760845213
46.51	0.757678644
46.52	0.754392429
46.53	0.750987086
46.54	0.747463154
46.55	0.743821189
46.56	0.740061765
46.57	0.736185478
46.58	0.732192938
46.59	0.728084777
46.6	0.723861642
46.61	0.719524201
46.62	0.715073139
46.63	0.710509159
46.64	0.705832981
46.65	0.701045344
46.66	0.696147004
46.67	0.691138734
46.68	0.686021325
46.69	0.680795585
46.7	0.67546234
46.71	0.670022432
46.72	0.664476719
46.73	0.658826078
46.74	0.653071401
46.75	0.647213595
46.76	0.641253588
46.77	0.635192319
46.78	0.629030746
46.79	0.622769841
46.8	0.616410594
46.81	0.609954009
46.82	0.603401105
46.83	0.596752916
46.84	0.590010494
46.85	0.583174902
46.86	0.57624722
46.87	0.569228542
46.88	0.562119976
46.89	0.554922645
46.9	0.547637685
46.91	0.540266246
46.92	0.532809494
46.93	0.525268605
46.94	0.517644769
46.95	0.509939192
46.96	0.502153089
46.97	0.49428769
46.98	0.486344238
46.99	0.478323986
47	0.470228202
47.01	0.462058163
47.02	0.453815159
47.03	0.445500493
47.04	0.437115477
47.05	0.428661436
47.06	0.420139704
47.07	0.411551627
47.08	0.402898561
47.09	0.394181873
47.1	0.385402939
47.11	0.376563146
47.12	0.367663888
47.13	0.358706573
47.14	0.349692613
47.15	0.340623433
47.16	0.331500465
47.17	0.322325149
47.18	0.313098933
47.19	0.303823276
47.2	0.294499642
47.21	0.285129503
47.22	0.275714339
47.23	0.266255636
47.24	0.256754888
47.25	0.247213595
47.26	0.237633265
47.27	0.22801541
47.28	0.218361548
47.29	0.208673205
47.3	0.19895191
47.31	0.189199198
47.32	0.179416609
47.33	0.169605688
47.34	0.159767984
47.35	0.149905052
47.36	0.140018447
47.37	0.130109732
47.38	0.120180471
47.39	0.110232233
47.4	0.100266587
47.41	0.090285108
47.42	0.080289372
47.43	0.070280957
47.44	0.060261444
47.45	0.050232416
47.46	0.040195455
47.47	0.030152146
47.48	0.020104076
47.49	0.010052832
47.5	4.7044E-15
47.51	-0.010052832
47.52	-0.020104076
47.53	-0.030152146
47.54	-0.040195455
47.55	-0.050232416
47.56	-0.060261444
47.57	-0.070280957
47.58	-0.080289372
47.59	-0.090285108
47.6	-0.100266587
47.61	-0.110232233
47.62	-0.120180471
47.63	-0.130109732
47.64	-0.140018447
47.65	-0.149905052
47.66	-0.159767984
47.67	-0.169605688
47.68	-0.179416609
47.69	-0.189199198
47.7	-0.19895191
47.71	-0.208673205
47.72	-0.218361548
47.73	-0.22801541
47.74	-0.237633265
47.75	-0.247213595
47.76	-0.256754888
47.77	-0.266255636
47.78	-0.275714339
47.79	-0.285129503
47.8	-0.294499642
47.81	-0.303823276
47.82	-0.313098933
47.83	-0.322325149
47.84	-0.331500465
47.85	-0.340623433
47.86	-0.349692613
47.87	-0.358706573
47.88	-0.367663888
47.89	-0.376563146
47.9	-0.385402939
47.91	-0.394181873
47.92	-0.402898561
47.93	-0.411551627
47.94	-0.420139704
47.95	-0.428661436
47.96	-0.437115477
47.97	-0.445500493
47.98	-0.453815159
47.99	-0.462058163
48	-0.470228202
48.01	-0.478323986
48.02	-0.486344238
48.03	-0.49428769
48.04	-0.502153089
48.05	-0.509939192
48.06	-0.517644769
48.07	-0.525268605
48.08	-0.532809494
48.09	-0.540266246
48.1	-0.547637685
48.11	-0.554922645
48.12	-0.562119976
48.13	-0.569228542
48.14	-0.57624722
48.15	-0.583174902
48.16	-0.590010494
48.17	-0.596752916
48.18	-0.603401105
48.19	-0.609954009
48.2	-0.616410594
48.21	-0.622769841
48.22	-0.629030746
48.23	-0.635192319
48.24	-0.641253588
48.25	-0.647213595
48.26	-0.653071401
48.27	-0.658826078
48.28	-0.664476719
48.29	-0.670022432
48.3	-0.67546234
48.31	-0.680795585
48.32	-0.686021325
48.33	-0.691138734
48.34	-0.696147004
48.35	-0.701045344
48.36	-0.705832981
48.37	-0.710509159
48.38	-0.715073139
48.39	-0.719524201
48.4	-0.723861642
48.41	-0.728084777
48.42	-0.732192938
48.43	-0.736185478
48.44	-0.740061765
48.45	-0.743821189
48.46	-0.747463154
48.47	-0.750987086
48.48	-0.754392429
48.49	-0.757678644
48.5	-0.760845213
48.51	-0.763891636
48.52	-0.766817431
48.53	-0.769622137
48.54	-0.772305311
48.55	-0.774866529
48.56	-0.777305386
48.57	-0.779621498
48.58	-0.781814499
48.59	-0.783884042
48.6	-0.785829801
48.61	-0.787651468
48.62	-0.789348755
48.63	-0.790921396
48.64	-0.792369141
48.65	-0.793691761
48.66	-0.794889048
48.67	-0.795960814
48.68	-0.796906887
48.69	-0.79772712
48.7	-0.798421383
48.71	-0.798989565
48.72	-0.799431578
48.73	-0.799747351
48.74	-0.799936835
48.75	-0.8
48.76	-0.799936835
48.77	-0.799747351
48.78	-0.799431578
48.79	-0.798989565
48.8	-0.798421383
48.81	-0.79772712
48.82	-0.796906887
48.83	-0.795960814
48.84	-0.794889048
48.85	-0.793691761
48.86	-0.792369141
48.87	-0.790921396
48.88	-0.789348755
48.89	-0.787651468
48.9	-0.785829801
48.91	-0.783884042
48.92	-0.781814499
48.93	-0.779621498
48.94	-0.777305386
48.95	-0.774866529
48.96	-0.772305311
48.97	-0.769622137
48.98	-0.766817431
48.99	-0.763891636
49	-0.760845213
49.01	-0.757678644
49.02	-0.754392429
49.03	-0.750987086
49.04	-0.747463154
49.05	-0.743821189
49.06	-0.740061765
49.07	-0.736185478
49.08	-0.732192938
49.09	-0.728084777
49.1	-0.723861642
49.11	-0.719524201
49.12	-0.715073139
49.13	-0.710509159
49.14	-0.705832981
49.15	-0.701045344
49.16	-0.696147004
49.17	-0.691138734
49.18	-0.686021325
49.19	-0.680795585
49.2	-0.67546234
49.21	-0.670022432
49.22	-0.664476719
49.23	-0.658826078
49.24	-0.653071401
49.25	-0.647213595
49.26	-0.641253588
49.27	-0.635192319
49.28	-0.629030746
49.29	-0.622769841
49.3	-0.616410594
49.31	-0.609954009
49.32	-0.603401105
49.33	-0.596752916
49.34	-0.590010494
49.35	-0.583174902
49.36	-0.57624722
49.37	-0.569228542
49.38	-0.562119976
49.39	-0.554922645
49.4	-0.547637685
49.41	-0.540266246
49.42	-0.532809494
49.43	-0.525268605
49.44	-0.517644769
49.45	-0.509939192
49.46	-0.502153089
49.47	-0.49428769
49.48	-0.486344238
49.49	-0.478323986
49.5	-0.470228202
49.51	-0.462058163
49.52	-0.453815159
49.53	-0.445500493
49.54	-0.437115477
49.55	-0.428661436
49.56	-0.420139704
49.57	-0.411551627
49.58	-0.402898561
49.59	-0.394181873
49.6	-0.385402939
49.61	-0.376563146
49.62	-0.367663888
49.63	-0.358706573
49.64	-0.349692613
49.65	-0.340623433
49.66	-0.331500465
49.67	-0.322325149
49.68	-0.313098933
49.69	-0.303823276
49.7	-0.294499642
49.71	-0.285129503
49.72	-0.275714339
49.73	-0.266255636
49.74	-0.256754888
49.75	-0.247213595
49.76	-0.237633265
49.77	-0.22801541
49.78	-0.218361548
49.79	-0.208673205
49.8	-0.19895191
49.81	-0.189199198
49.82	-0.179416609
49.83	-0.169605688
49.84	-0.159767984
49.85	-0.149905052
49.86	-0.140018447
49.87	-0.130109732
49.88	-0.120180471
49.89	-0.110232233
49.9	-0.100266587
49.91	-0.090285108
49.92	-0.080289372
49.93	-0.070280957
49.94	-0.060261444
49.95	-0.050232416
49.96	-0.040195455
49.97	-0.030152146
49.98	-0.020104076
49.99	-0.010052832
50	-1.96024E-15
