5001  0.0100000000	
0	0
0.01	0.025128607
0.02	0.050232416
0.03	0.075286651
0.04	0.100266587
0.05	0.125147572
0.06	0.149905052
0.07	0.174514593
0.08	0.19895191
0.09	0.223192885
0.1	0.247213595
0.11	0.270990336
0.12	0.294499642
0.13	0.317718313
0.14	0.340623433
0.15	0.3631924
0.16	0.385402939
0.17	0.407233133
0.18	0.428661436
0.19	0.449666702
0.2	0.470228202
0.21	0.490325643
0.22	0.509939192
0.23	0.529049492
0.24	0.547637685
0.25	0.565685425
0.26	0.583174902
0.27	0.600088856
0.28	0.616410594
0.29	0.63212401
0.3	0.647213595
0.31	0.661664459
0.32	0.67546234
0.33	0.688593622
0.34	0.701045344
0.35	0.712805219
0.36	0.723861642
0.37	0.734203701
0.38	0.743821189
0.39	0.752704615
0.4	0.760845213
0.41	0.768234949
0.42	0.774866529
0.43	0.78073341
0.44	0.785829801
0.45	0.790150672
0.46	0.793691761
0.47	0.796449572
0.48	0.798421383
0.49	0.799605248
0.5	0.8
0.51	0.799605248
0.52	0.798421383
0.53	0.796449572
0.54	0.793691761
0.55	0.790150672
0.56	0.785829801
0.57	0.78073341
0.58	0.774866529
0.59	0.768234949
0.6	0.760845213
0.61	0.752704615
0.62	0.743821189
0.63	0.734203701
0.64	0.723861642
0.65	0.712805219
0.66	0.701045344
0.67	0.688593622
0.68	0.67546234
0.69	0.661664459
0.7	0.647213595
0.71	0.63212401
0.72	0.616410594
0.73	0.600088856
0.74	0.583174902
0.75	0.565685425
0.76	0.547637685
0.77	0.529049492
0.78	0.509939192
0.79	0.490325643
0.8	0.470228202
0.81	0.449666702
0.82	0.428661436
0.83	0.407233133
0.84	0.385402939
0.85	0.3631924
0.86	0.340623433
0.87	0.317718313
0.88	0.294499642
0.89	0.270990336
0.9	0.247213595
0.91	0.223192885
0.92	0.19895191
0.93	0.174514593
0.94	0.149905052
0.95	0.125147572
0.96	0.100266587
0.97	0.075286651
0.98	0.050232416
0.99	0.025128607
1	9.80119E-17
1.01	-0.025128607
1.02	-0.050232416
1.03	-0.075286651
1.04	-0.100266587
1.05	-0.125147572
1.06	-0.149905052
1.07	-0.174514593
1.08	-0.19895191
1.09	-0.223192885
1.1	-0.247213595
1.11	-0.270990336
1.12	-0.294499642
1.13	-0.317718313
1.14	-0.340623433
1.15	-0.3631924
1.16	-0.385402939
1.17	-0.407233133
1.18	-0.428661436
1.19	-0.449666702
1.2	-0.470228202
1.21	-0.490325643
1.22	-0.509939192
1.23	-0.529049492
1.24	-0.547637685
1.25	-0.565685425
1.26	-0.583174902
1.27	-0.600088856
1.28	-0.616410594
1.29	-0.63212401
1.3	-0.647213595
1.31	-0.661664459
1.32	-0.67546234
1.33	-0.688593622
1.34	-0.701045344
1.35	-0.712805219
1.36	-0.723861642
1.37	-0.734203701
1.38	-0.743821189
1.39	-0.752704615
1.4	-0.760845213
1.41	-0.768234949
1.42	-0.774866529
1.43	-0.78073341
1.44	-0.785829801
1.45	-0.790150672
1.46	-0.793691761
1.47	-0.796449572
1.48	-0.798421383
1.49	-0.799605248
1.5	-0.8
1.51	-0.799605248
1.52	-0.798421383
1.53	-0.796449572
1.54	-0.793691761
1.55	-0.790150672
1.56	-0.785829801
1.57	-0.78073341
1.58	-0.774866529
1.59	-0.768234949
1.6	-0.760845213
1.61	-0.752704615
1.62	-0.743821189
1.63	-0.734203701
1.64	-0.723861642
1.65	-0.712805219
1.66	-0.701045344
1.67	-0.688593622
1.68	-0.67546234
1.69	-0.661664459
1.7	-0.647213595
1.71	-0.63212401
1.72	-0.616410594
1.73	-0.600088856
1.74	-0.583174902
1.75	-0.565685425
1.76	-0.547637685
1.77	-0.529049492
1.78	-0.509939192
1.79	-0.490325643
1.8	-0.470228202
1.81	-0.449666702
1.82	-0.428661436
1.83	-0.407233133
1.84	-0.385402939
1.85	-0.3631924
1.86	-0.340623433
1.87	-0.317718313
1.88	-0.294499642
1.89	-0.270990336
1.9	-0.247213595
1.91	-0.223192885
1.92	-0.19895191
1.93	-0.174514593
1.94	-0.149905052
1.95	-0.125147572
1.96	-0.100266587
1.97	-0.075286651
1.98	-0.050232416
1.99	-0.025128607
2	-1.96024E-16
2.01	0.025128607
2.02	0.050232416
2.03	0.075286651
2.04	0.100266587
2.05	0.125147572
2.06	0.149905052
2.07	0.174514593
2.08	0.19895191
2.09	0.223192885
2.1	0.247213595
2.11	0.270990336
2.12	0.294499642
2.13	0.317718313
2.14	0.340623433
2.15	0.3631924
2.16	0.385402939
2.17	0.407233133
2.18	0.428661436
2.19	0.449666702
2.2	0.470228202
2.21	0.490325643
2.22	0.509939192
2.23	0.529049492
2.24	0.547637685
2.25	0.565685425
2.26	0.583174902
2.27	0.600088856
2.28	0.616410594
2.29	0.63212401
2.3	0.647213595
2.31	0.661664459
2.32	0.67546234
2.33	0.688593622
2.34	0.701045344
2.35	0.712805219
2.36	0.723861642
2.37	0.734203701
2.38	0.743821189
2.39	0.752704615
2.4	0.760845213
2.41	0.768234949
2.42	0.774866529
2.43	0.78073341
2.44	0.785829801
2.45	0.790150672
2.46	0.793691761
2.47	0.796449572
2.48	0.798421383
2.49	0.799605248
2.5	0.8
2.51	0.799605248
2.52	0.798421383
2.53	0.796449572
2.54	0.793691761
2.55	0.790150672
2.56	0.785829801
2.57	0.78073341
2.58	0.774866529
2.59	0.768234949
2.6	0.760845213
2.61	0.752704615
2.62	0.743821189
2.63	0.734203701
2.64	0.723861642
2.65	0.712805219
2.66	0.701045344
2.67	0.688593622
2.68	0.67546234
2.69	0.661664459
2.7	0.647213595
2.71	0.63212401
2.72	0.616410594
2.73	0.600088856
2.74	0.583174902
2.75	0.565685425
2.76	0.547637685
2.77	0.529049492
2.78	0.509939192
2.79	0.490325643
2.8	0.470228202
2.81	0.449666702
2.82	0.428661436
2.83	0.407233133
2.84	0.385402939
2.85	0.3631924
2.86	0.340623433
2.87	0.317718313
2.88	0.294499642
2.89	0.270990336
2.9	0.247213595
2.91	0.223192885
2.92	0.19895191
2.93	0.174514593
2.94	0.149905052
2.95	0.125147572
2.96	0.100266587
2.97	0.075286651
2.98	0.050232416
2.99	0.025128607
3	2.94036E-16
3.01	-0.025128607
3.02	-0.050232416
3.03	-0.075286651
3.04	-0.100266587
3.05	-0.125147572
3.06	-0.149905052
3.07	-0.174514593
3.08	-0.19895191
3.09	-0.223192885
3.1	-0.247213595
3.11	-0.270990336
3.12	-0.294499642
3.13	-0.317718313
3.14	-0.340623433
3.15	-0.3631924
3.16	-0.385402939
3.17	-0.407233133
3.18	-0.428661436
3.19	-0.449666702
3.2	-0.470228202
3.21	-0.490325643
3.22	-0.509939192
3.23	-0.529049492
3.24	-0.547637685
3.25	-0.565685425
3.26	-0.583174902
3.27	-0.600088856
3.28	-0.616410594
3.29	-0.63212401
3.3	-0.647213595
3.31	-0.661664459
3.32	-0.67546234
3.33	-0.688593622
3.34	-0.701045344
3.35	-0.712805219
3.36	-0.723861642
3.37	-0.734203701
3.38	-0.743821189
3.39	-0.752704615
3.4	-0.760845213
3.41	-0.768234949
3.42	-0.774866529
3.43	-0.78073341
3.44	-0.785829801
3.45	-0.790150672
3.46	-0.793691761
3.47	-0.796449572
3.48	-0.798421383
3.49	-0.799605248
3.5	-0.8
3.51	-0.799605248
3.52	-0.798421383
3.53	-0.796449572
3.54	-0.793691761
3.55	-0.790150672
3.56	-0.785829801
3.57	-0.78073341
3.58	-0.774866529
3.59	-0.768234949
3.6	-0.760845213
3.61	-0.752704615
3.62	-0.743821189
3.63	-0.734203701
3.64	-0.723861642
3.65	-0.712805219
3.66	-0.701045344
3.67	-0.688593622
3.68	-0.67546234
3.69	-0.661664459
3.7	-0.647213595
3.71	-0.63212401
3.72	-0.616410594
3.73	-0.600088856
3.74	-0.583174902
3.75	-0.565685425
3.76	-0.547637685
3.77	-0.529049492
3.78	-0.509939192
3.79	-0.490325643
3.8	-0.470228202
3.81	-0.449666702
3.82	-0.428661436
3.83	-0.407233133
3.84	-0.385402939
3.85	-0.3631924
3.86	-0.340623433
3.87	-0.317718313
3.88	-0.294499642
3.89	-0.270990336
3.9	-0.247213595
3.91	-0.223192885
3.92	-0.19895191
3.93	-0.174514593
3.94	-0.149905052
3.95	-0.125147572
3.96	-0.100266587
3.97	-0.075286651
3.98	-0.050232416
3.99	-0.025128607
4	-3.92048E-16
4.01	0.025128607
4.02	0.050232416
4.03	0.075286651
4.04	0.100266587
4.05	0.125147572
4.06	0.149905052
4.07	0.174514593
4.08	0.19895191
4.09	0.223192885
4.1	0.247213595
4.11	0.270990336
4.12	0.294499642
4.13	0.317718313
4.14	0.340623433
4.15	0.3631924
4.16	0.385402939
4.17	0.407233133
4.18	0.428661436
4.19	0.449666702
4.2	0.470228202
4.21	0.490325643
4.22	0.509939192
4.23	0.529049492
4.24	0.547637685
4.25	0.565685425
4.26	0.583174902
4.27	0.600088856
4.28	0.616410594
4.29	0.63212401
4.3	0.647213595
4.31	0.661664459
4.32	0.67546234
4.33	0.688593622
4.34	0.701045344
4.35	0.712805219
4.36	0.723861642
4.37	0.734203701
4.38	0.743821189
4.39	0.752704615
4.4	0.760845213
4.41	0.768234949
4.42	0.774866529
4.43	0.78073341
4.44	0.785829801
4.45	0.790150672
4.46	0.793691761
4.47	0.796449572
4.48	0.798421383
4.49	0.799605248
4.5	0.8
4.51	0.799605248
4.52	0.798421383
4.53	0.796449572
4.54	0.793691761
4.55	0.790150672
4.56	0.785829801
4.57	0.78073341
4.58	0.774866529
4.59	0.768234949
4.6	0.760845213
4.61	0.752704615
4.62	0.743821189
4.63	0.734203701
4.64	0.723861642
4.65	0.712805219
4.66	0.701045344
4.67	0.688593622
4.68	0.67546234
4.69	0.661664459
4.7	0.647213595
4.71	0.63212401
4.72	0.616410594
4.73	0.600088856
4.74	0.583174902
4.75	0.565685425
4.76	0.547637685
4.77	0.529049492
4.78	0.509939192
4.79	0.490325643
4.8	0.470228202
4.81	0.449666702
4.82	0.428661436
4.83	0.407233133
4.84	0.385402939
4.85	0.3631924
4.86	0.340623433
4.87	0.317718313
4.88	0.294499642
4.89	0.270990336
4.9	0.247213595
4.91	0.223192885
4.92	0.19895191
4.93	0.174514593
4.94	0.149905052
4.95	0.125147572
4.96	0.100266587
4.97	0.075286651
4.98	0.050232416
4.99	0.025128607
5	4.90059E-16
5.01	-0.025128607
5.02	-0.050232416
5.03	-0.075286651
5.04	-0.100266587
5.05	-0.125147572
5.06	-0.149905052
5.07	-0.174514593
5.08	-0.19895191
5.09	-0.223192885
5.1	-0.247213595
5.11	-0.270990336
5.12	-0.294499642
5.13	-0.317718313
5.14	-0.340623433
5.15	-0.3631924
5.16	-0.385402939
5.17	-0.407233133
5.18	-0.428661436
5.19	-0.449666702
5.2	-0.470228202
5.21	-0.490325643
5.22	-0.509939192
5.23	-0.529049492
5.24	-0.547637685
5.25	-0.565685425
5.26	-0.583174902
5.27	-0.600088856
5.28	-0.616410594
5.29	-0.63212401
5.3	-0.647213595
5.31	-0.661664459
5.32	-0.67546234
5.33	-0.688593622
5.34	-0.701045344
5.35	-0.712805219
5.36	-0.723861642
5.37	-0.734203701
5.38	-0.743821189
5.39	-0.752704615
5.4	-0.760845213
5.41	-0.768234949
5.42	-0.774866529
5.43	-0.78073341
5.44	-0.785829801
5.45	-0.790150672
5.46	-0.793691761
5.47	-0.796449572
5.48	-0.798421383
5.49	-0.799605248
5.5	-0.8
5.51	-0.799605248
5.52	-0.798421383
5.53	-0.796449572
5.54	-0.793691761
5.55	-0.790150672
5.56	-0.785829801
5.57	-0.78073341
5.58	-0.774866529
5.59	-0.768234949
5.6	-0.760845213
5.61	-0.752704615
5.62	-0.743821189
5.63	-0.734203701
5.64	-0.723861642
5.65	-0.712805219
5.66	-0.701045344
5.67	-0.688593622
5.68	-0.67546234
5.69	-0.661664459
5.7	-0.647213595
5.71	-0.63212401
5.72	-0.616410594
5.73	-0.600088856
5.74	-0.583174902
5.75	-0.565685425
5.76	-0.547637685
5.77	-0.529049492
5.78	-0.509939192
5.79	-0.490325643
5.8	-0.470228202
5.81	-0.449666702
5.82	-0.428661436
5.83	-0.407233133
5.84	-0.385402939
5.85	-0.3631924
5.86	-0.340623433
5.87	-0.317718313
5.88	-0.294499642
5.89	-0.270990336
5.9	-0.247213595
5.91	-0.223192885
5.92	-0.19895191
5.93	-0.174514593
5.94	-0.149905052
5.95	-0.125147572
5.96	-0.100266587
5.97	-0.075286651
5.98	-0.050232416
5.99	-0.025128607
6	-5.88071E-16
6.01	0.025128607
6.02	0.050232416
6.03	0.075286651
6.04	0.100266587
6.05	0.125147572
6.06	0.149905052
6.07	0.174514593
6.08	0.19895191
6.09	0.223192885
6.1	0.247213595
6.11	0.270990336
6.12	0.294499642
6.13	0.317718313
6.14	0.340623433
6.15	0.3631924
6.16	0.385402939
6.17	0.407233133
6.18	0.428661436
6.19	0.449666702
6.2	0.470228202
6.21	0.490325643
6.22	0.509939192
6.23	0.529049492
6.24	0.547637685
6.25	0.565685425
6.26	0.583174902
6.27	0.600088856
6.28	0.616410594
6.29	0.63212401
6.3	0.647213595
6.31	0.661664459
6.32	0.67546234
6.33	0.688593622
6.34	0.701045344
6.35	0.712805219
6.36	0.723861642
6.37	0.734203701
6.38	0.743821189
6.39	0.752704615
6.4	0.760845213
6.41	0.768234949
6.42	0.774866529
6.43	0.78073341
6.44	0.785829801
6.45	0.790150672
6.46	0.793691761
6.47	0.796449572
6.48	0.798421383
6.49	0.799605248
6.5	0.8
6.51	0.799605248
6.52	0.798421383
6.53	0.796449572
6.54	0.793691761
6.55	0.790150672
6.56	0.785829801
6.57	0.78073341
6.58	0.774866529
6.59	0.768234949
6.6	0.760845213
6.61	0.752704615
6.62	0.743821189
6.63	0.734203701
6.64	0.723861642
6.65	0.712805219
6.66	0.701045344
6.67	0.688593622
6.68	0.67546234
6.69	0.661664459
6.7	0.647213595
6.71	0.63212401
6.72	0.616410594
6.73	0.600088856
6.74	0.583174902
6.75	0.565685425
6.76	0.547637685
6.77	0.529049492
6.78	0.509939192
6.79	0.490325643
6.8	0.470228202
6.81	0.449666702
6.82	0.428661436
6.83	0.407233133
6.84	0.385402939
6.85	0.3631924
6.86	0.340623433
6.87	0.317718313
6.88	0.294499642
6.89	0.270990336
6.9	0.247213595
6.91	0.223192885
6.92	0.19895191
6.93	0.174514593
6.94	0.149905052
6.95	0.125147572
6.96	0.100266587
6.97	0.075286651
6.98	0.050232416
6.99	0.025128607
7	6.86083E-16
7.01	-0.025128607
7.02	-0.050232416
7.03	-0.075286651
7.04	-0.100266587
7.05	-0.125147572
7.06	-0.149905052
7.07	-0.174514593
7.08	-0.19895191
7.09	-0.223192885
7.1	-0.247213595
7.11	-0.270990336
7.12	-0.294499642
7.13	-0.317718313
7.14	-0.340623433
7.15	-0.3631924
7.16	-0.385402939
7.17	-0.407233133
7.18	-0.428661436
7.19	-0.449666702
7.2	-0.470228202
7.21	-0.490325643
7.22	-0.509939192
7.23	-0.529049492
7.24	-0.547637685
7.25	-0.565685425
7.26	-0.583174902
7.27	-0.600088856
7.28	-0.616410594
7.29	-0.63212401
7.3	-0.647213595
7.31	-0.661664459
7.32	-0.67546234
7.33	-0.688593622
7.34	-0.701045344
7.35	-0.712805219
7.36	-0.723861642
7.37	-0.734203701
7.38	-0.743821189
7.39	-0.752704615
7.4	-0.760845213
7.41	-0.768234949
7.42	-0.774866529
7.43	-0.78073341
7.44	-0.785829801
7.45	-0.790150672
7.46	-0.793691761
7.47	-0.796449572
7.48	-0.798421383
7.49	-0.799605248
7.5	-0.8
7.51	-0.799605248
7.52	-0.798421383
7.53	-0.796449572
7.54	-0.793691761
7.55	-0.790150672
7.56	-0.785829801
7.57	-0.78073341
7.58	-0.774866529
7.59	-0.768234949
7.6	-0.760845213
7.61	-0.752704615
7.62	-0.743821189
7.63	-0.734203701
7.64	-0.723861642
7.65	-0.712805219
7.66	-0.701045344
7.67	-0.688593622
7.68	-0.67546234
7.69	-0.661664459
7.7	-0.647213595
7.71	-0.63212401
7.72	-0.616410594
7.73	-0.600088856
7.74	-0.583174902
7.75	-0.565685425
7.76	-0.547637685
7.77	-0.529049492
7.78	-0.509939192
7.79	-0.490325643
7.8	-0.470228202
7.81	-0.449666702
7.82	-0.428661436
7.83	-0.407233133
7.84	-0.385402939
7.85	-0.3631924
7.86	-0.340623433
7.87	-0.317718313
7.88	-0.294499642
7.89	-0.270990336
7.9	-0.247213595
7.91	-0.223192885
7.92	-0.19895191
7.93	-0.174514593
7.94	-0.149905052
7.95	-0.125147572
7.96	-0.100266587
7.97	-0.075286651
7.98	-0.050232416
7.99	-0.025128607
8	-7.84095E-16
8.01	0.025128607
8.02	0.050232416
8.03	0.075286651
8.04	0.100266587
8.05	0.125147572
8.06	0.149905052
8.07	0.174514593
8.08	0.19895191
8.09	0.223192885
8.1	0.247213595
8.11	0.270990336
8.12	0.294499642
8.13	0.317718313
8.14	0.340623433
8.15	0.3631924
8.16	0.385402939
8.17	0.407233133
8.18	0.428661436
8.19	0.449666702
8.2	0.470228202
8.21	0.490325643
8.22	0.509939192
8.23	0.529049492
8.24	0.547637685
8.25	0.565685425
8.26	0.583174902
8.27	0.600088856
8.28	0.616410594
8.29	0.63212401
8.3	0.647213595
8.31	0.661664459
8.32	0.67546234
8.33	0.688593622
8.34	0.701045344
8.35	0.712805219
8.36	0.723861642
8.37	0.734203701
8.38	0.743821189
8.39	0.752704615
8.4	0.760845213
8.41	0.768234949
8.42	0.774866529
8.43	0.78073341
8.44	0.785829801
8.45	0.790150672
8.46	0.793691761
8.47	0.796449572
8.48	0.798421383
8.49	0.799605248
8.5	0.8
8.51	0.799605248
8.52	0.798421383
8.53	0.796449572
8.54	0.793691761
8.55	0.790150672
8.56	0.785829801
8.57	0.78073341
8.58	0.774866529
8.59	0.768234949
8.6	0.760845213
8.61	0.752704615
8.62	0.743821189
8.63	0.734203701
8.64	0.723861642
8.65	0.712805219
8.66	0.701045344
8.67	0.688593622
8.68	0.67546234
8.69	0.661664459
8.7	0.647213595
8.71	0.63212401
8.72	0.616410594
8.73	0.600088856
8.74	0.583174902
8.75	0.565685425
8.76	0.547637685
8.77	0.529049492
8.78	0.509939192
8.79	0.490325643
8.8	0.470228202
8.81	0.449666702
8.82	0.428661436
8.83	0.407233133
8.84	0.385402939
8.85	0.3631924
8.86	0.340623433
8.87	0.317718313
8.88	0.294499642
8.89	0.270990336
8.9	0.247213595
8.91	0.223192885
8.92	0.19895191
8.93	0.174514593
8.94	0.149905052
8.95	0.125147572
8.96	0.100266587
8.97	0.075286651
8.98	0.050232416
8.99	0.025128607
9	8.82107E-16
9.01	-0.025128607
9.02	-0.050232416
9.03	-0.075286651
9.04	-0.100266587
9.05	-0.125147572
9.06	-0.149905052
9.07	-0.174514593
9.08	-0.19895191
9.09	-0.223192885
9.1	-0.247213595
9.11	-0.270990336
9.12	-0.294499642
9.13	-0.317718313
9.14	-0.340623433
9.15	-0.3631924
9.16	-0.385402939
9.17	-0.407233133
9.18	-0.428661436
9.19	-0.449666702
9.2	-0.470228202
9.21	-0.490325643
9.22	-0.509939192
9.23	-0.529049492
9.24	-0.547637685
9.25	-0.565685425
9.26	-0.583174902
9.27	-0.600088856
9.28	-0.616410594
9.29	-0.63212401
9.3	-0.647213595
9.31	-0.661664459
9.32	-0.67546234
9.33	-0.688593622
9.34	-0.701045344
9.35	-0.712805219
9.36	-0.723861642
9.37	-0.734203701
9.38	-0.743821189
9.39	-0.752704615
9.4	-0.760845213
9.41	-0.768234949
9.42	-0.774866529
9.43	-0.78073341
9.44	-0.785829801
9.45	-0.790150672
9.46	-0.793691761
9.47	-0.796449572
9.48	-0.798421383
9.49	-0.799605248
9.5	-0.8
9.51	-0.799605248
9.52	-0.798421383
9.53	-0.796449572
9.54	-0.793691761
9.55	-0.790150672
9.56	-0.785829801
9.57	-0.78073341
9.58	-0.774866529
9.59	-0.768234949
9.6	-0.760845213
9.61	-0.752704615
9.62	-0.743821189
9.63	-0.734203701
9.64	-0.723861642
9.65	-0.712805219
9.66	-0.701045344
9.67	-0.688593622
9.68	-0.67546234
9.69	-0.661664459
9.7	-0.647213595
9.71	-0.63212401
9.72	-0.616410594
9.73	-0.600088856
9.74	-0.583174902
9.75	-0.565685425
9.76	-0.547637685
9.77	-0.529049492
9.78	-0.509939192
9.79	-0.490325643
9.8	-0.470228202
9.81	-0.449666702
9.82	-0.428661436
9.83	-0.407233133
9.84	-0.385402939
9.85	-0.3631924
9.86	-0.340623433
9.87	-0.317718313
9.88	-0.294499642
9.89	-0.270990336
9.9	-0.247213595
9.91	-0.223192885
9.92	-0.19895191
9.93	-0.174514593
9.94	-0.149905052
9.95	-0.125147572
9.96	-0.100266587
9.97	-0.075286651
9.98	-0.050232416
9.99	-0.025128607
10	-9.80119E-16
10.01	0.025128607
10.02	0.050232416
10.03	0.075286651
10.04	0.100266587
10.05	0.125147572
10.06	0.149905052
10.07	0.174514593
10.08	0.19895191
10.09	0.223192885
10.1	0.247213595
10.11	0.270990336
10.12	0.294499642
10.13	0.317718313
10.14	0.340623433
10.15	0.3631924
10.16	0.385402939
10.17	0.407233133
10.18	0.428661436
10.19	0.449666702
10.2	0.470228202
10.21	0.490325643
10.22	0.509939192
10.23	0.529049492
10.24	0.547637685
10.25	0.565685425
10.26	0.583174902
10.27	0.600088856
10.28	0.616410594
10.29	0.63212401
10.3	0.647213595
10.31	0.661664459
10.32	0.67546234
10.33	0.688593622
10.34	0.701045344
10.35	0.712805219
10.36	0.723861642
10.37	0.734203701
10.38	0.743821189
10.39	0.752704615
10.4	0.760845213
10.41	0.768234949
10.42	0.774866529
10.43	0.78073341
10.44	0.785829801
10.45	0.790150672
10.46	0.793691761
10.47	0.796449572
10.48	0.798421383
10.49	0.799605248
10.5	0.8
10.51	0.799605248
10.52	0.798421383
10.53	0.796449572
10.54	0.793691761
10.55	0.790150672
10.56	0.785829801
10.57	0.78073341
10.58	0.774866529
10.59	0.768234949
10.6	0.760845213
10.61	0.752704615
10.62	0.743821189
10.63	0.734203701
10.64	0.723861642
10.65	0.712805219
10.66	0.701045344
10.67	0.688593622
10.68	0.67546234
10.69	0.661664459
10.7	0.647213595
10.71	0.63212401
10.72	0.616410594
10.73	0.600088856
10.74	0.583174902
10.75	0.565685425
10.76	0.547637685
10.77	0.529049492
10.78	0.509939192
10.79	0.490325643
10.8	0.470228202
10.81	0.449666702
10.82	0.428661436
10.83	0.407233133
10.84	0.385402939
10.85	0.3631924
10.86	0.340623433
10.87	0.317718313
10.88	0.294499642
10.89	0.270990336
10.9	0.247213595
10.91	0.223192885
10.92	0.19895191
10.93	0.174514593
10.94	0.149905052
10.95	0.125147572
10.96	0.100266587
10.97	0.075286651
10.98	0.050232416
10.99	0.025128607
11	3.9203E-15
11.01	-0.025128607
11.02	-0.050232416
11.03	-0.075286651
11.04	-0.100266587
11.05	-0.125147572
11.06	-0.149905052
11.07	-0.174514593
11.08	-0.19895191
11.09	-0.223192885
11.1	-0.247213595
11.11	-0.270990336
11.12	-0.294499642
11.13	-0.317718313
11.14	-0.340623433
11.15	-0.3631924
11.16	-0.385402939
11.17	-0.407233133
11.18	-0.428661436
11.19	-0.449666702
11.2	-0.470228202
11.21	-0.490325643
11.22	-0.509939192
11.23	-0.529049492
11.24	-0.547637685
11.25	-0.565685425
11.26	-0.583174902
11.27	-0.600088856
11.28	-0.616410594
11.29	-0.63212401
11.3	-0.647213595
11.31	-0.661664459
11.32	-0.67546234
11.33	-0.688593622
11.34	-0.701045344
11.35	-0.712805219
11.36	-0.723861642
11.37	-0.734203701
11.38	-0.743821189
11.39	-0.752704615
11.4	-0.760845213
11.41	-0.768234949
11.42	-0.774866529
11.43	-0.78073341
11.44	-0.785829801
11.45	-0.790150672
11.46	-0.793691761
11.47	-0.796449572
11.48	-0.798421383
11.49	-0.799605248
11.5	-0.8
11.51	-0.799605248
11.52	-0.798421383
11.53	-0.796449572
11.54	-0.793691761
11.55	-0.790150672
11.56	-0.785829801
11.57	-0.78073341
11.58	-0.774866529
11.59	-0.768234949
11.6	-0.760845213
11.61	-0.752704615
11.62	-0.743821189
11.63	-0.734203701
11.64	-0.723861642
11.65	-0.712805219
11.66	-0.701045344
11.67	-0.688593622
11.68	-0.67546234
11.69	-0.661664459
11.7	-0.647213595
11.71	-0.63212401
11.72	-0.616410594
11.73	-0.600088856
11.74	-0.583174902
11.75	-0.565685425
11.76	-0.547637685
11.77	-0.529049492
11.78	-0.509939192
11.79	-0.490325643
11.8	-0.470228202
11.81	-0.449666702
11.82	-0.428661436
11.83	-0.407233133
11.84	-0.385402939
11.85	-0.3631924
11.86	-0.340623433
11.87	-0.317718313
11.88	-0.294499642
11.89	-0.270990336
11.9	-0.247213595
11.91	-0.223192885
11.92	-0.19895191
11.93	-0.174514593
11.94	-0.149905052
11.95	-0.125147572
11.96	-0.100266587
11.97	-0.075286651
11.98	-0.050232416
11.99	-0.025128607
12	-1.17614E-15
12.01	0.025128607
12.02	0.050232416
12.03	0.075286651
12.04	0.100266587
12.05	0.125147572
12.06	0.149905052
12.07	0.174514593
12.08	0.19895191
12.09	0.223192885
12.1	0.247213595
12.11	0.270990336
12.12	0.294499642
12.13	0.317718313
12.14	0.340623433
12.15	0.3631924
12.16	0.385402939
12.17	0.407233133
12.18	0.428661436
12.19	0.449666702
12.2	0.470228202
12.21	0.490325643
12.22	0.509939192
12.23	0.529049492
12.24	0.547637685
12.25	0.565685425
12.26	0.583174902
12.27	0.600088856
12.28	0.616410594
12.29	0.63212401
12.3	0.647213595
12.31	0.661664459
12.32	0.67546234
12.33	0.688593622
12.34	0.701045344
12.35	0.712805219
12.36	0.723861642
12.37	0.734203701
12.38	0.743821189
12.39	0.752704615
12.4	0.760845213
12.41	0.768234949
12.42	0.774866529
12.43	0.78073341
12.44	0.785829801
12.45	0.790150672
12.46	0.793691761
12.47	0.796449572
12.48	0.798421383
12.49	0.799605248
12.5	0.8
12.51	0.799605248
12.52	0.798421383
12.53	0.796449572
12.54	0.793691761
12.55	0.790150672
12.56	0.785829801
12.57	0.78073341
12.58	0.774866529
12.59	0.768234949
12.6	0.760845213
12.61	0.752704615
12.62	0.743821189
12.63	0.734203701
12.64	0.723861642
12.65	0.712805219
12.66	0.701045344
12.67	0.688593622
12.68	0.67546234
12.69	0.661664459
12.7	0.647213595
12.71	0.63212401
12.72	0.616410594
12.73	0.600088856
12.74	0.583174902
12.75	0.565685425
12.76	0.547637685
12.77	0.529049492
12.78	0.509939192
12.79	0.490325643
12.8	0.470228202
12.81	0.449666702
12.82	0.428661436
12.83	0.407233133
12.84	0.385402939
12.85	0.3631924
12.86	0.340623433
12.87	0.317718313
12.88	0.294499642
12.89	0.270990336
12.9	0.247213595
12.91	0.223192885
12.92	0.19895191
12.93	0.174514593
12.94	0.149905052
12.95	0.125147572
12.96	0.100266587
12.97	0.075286651
12.98	0.050232416
12.99	0.025128607
13	-1.56802E-15
13.01	-0.025128607
13.02	-0.050232416
13.03	-0.075286651
13.04	-0.100266587
13.05	-0.125147572
13.06	-0.149905052
13.07	-0.174514593
13.08	-0.19895191
13.09	-0.223192885
13.1	-0.247213595
13.11	-0.270990336
13.12	-0.294499642
13.13	-0.317718313
13.14	-0.340623433
13.15	-0.3631924
13.16	-0.385402939
13.17	-0.407233133
13.18	-0.428661436
13.19	-0.449666702
13.2	-0.470228202
13.21	-0.490325643
13.22	-0.509939192
13.23	-0.529049492
13.24	-0.547637685
13.25	-0.565685425
13.26	-0.583174902
13.27	-0.600088856
13.28	-0.616410594
13.29	-0.63212401
13.3	-0.647213595
13.31	-0.661664459
13.32	-0.67546234
13.33	-0.688593622
13.34	-0.701045344
13.35	-0.712805219
13.36	-0.723861642
13.37	-0.734203701
13.38	-0.743821189
13.39	-0.752704615
13.4	-0.760845213
13.41	-0.768234949
13.42	-0.774866529
13.43	-0.78073341
13.44	-0.785829801
13.45	-0.790150672
13.46	-0.793691761
13.47	-0.796449572
13.48	-0.798421383
13.49	-0.799605248
13.5	-0.8
13.51	-0.799605248
13.52	-0.798421383
13.53	-0.796449572
13.54	-0.793691761
13.55	-0.790150672
13.56	-0.785829801
13.57	-0.78073341
13.58	-0.774866529
13.59	-0.768234949
13.6	-0.760845213
13.61	-0.752704615
13.62	-0.743821189
13.63	-0.734203701
13.64	-0.723861642
13.65	-0.712805219
13.66	-0.701045344
13.67	-0.688593622
13.68	-0.67546234
13.69	-0.661664459
13.7	-0.647213595
13.71	-0.63212401
13.72	-0.616410594
13.73	-0.600088856
13.74	-0.583174902
13.75	-0.565685425
13.76	-0.547637685
13.77	-0.529049492
13.78	-0.509939192
13.79	-0.490325643
13.8	-0.470228202
13.81	-0.449666702
13.82	-0.428661436
13.83	-0.407233133
13.84	-0.385402939
13.85	-0.3631924
13.86	-0.340623433
13.87	-0.317718313
13.88	-0.294499642
13.89	-0.270990336
13.9	-0.247213595
13.91	-0.223192885
13.92	-0.19895191
13.93	-0.174514593
13.94	-0.149905052
13.95	-0.125147572
13.96	-0.100266587
13.97	-0.075286651
13.98	-0.050232416
13.99	-0.025128607
14	-1.37217E-15
14.01	0.025128607
14.02	0.050232416
14.03	0.075286651
14.04	0.100266587
14.05	0.125147572
14.06	0.149905052
14.07	0.174514593
14.08	0.19895191
14.09	0.223192885
14.1	0.247213595
14.11	0.270990336
14.12	0.294499642
14.13	0.317718313
14.14	0.340623433
14.15	0.3631924
14.16	0.385402939
14.17	0.407233133
14.18	0.428661436
14.19	0.449666702
14.2	0.470228202
14.21	0.490325643
14.22	0.509939192
14.23	0.529049492
14.24	0.547637685
14.25	0.565685425
14.26	0.583174902
14.27	0.600088856
14.28	0.616410594
14.29	0.63212401
14.3	0.647213595
14.31	0.661664459
14.32	0.67546234
14.33	0.688593622
14.34	0.701045344
14.35	0.712805219
14.36	0.723861642
14.37	0.734203701
14.38	0.743821189
14.39	0.752704615
14.4	0.760845213
14.41	0.768234949
14.42	0.774866529
14.43	0.78073341
14.44	0.785829801
14.45	0.790150672
14.46	0.793691761
14.47	0.796449572
14.48	0.798421383
14.49	0.799605248
14.5	0.8
14.51	0.799605248
14.52	0.798421383
14.53	0.796449572
14.54	0.793691761
14.55	0.790150672
14.56	0.785829801
14.57	0.78073341
14.58	0.774866529
14.59	0.768234949
14.6	0.760845213
14.61	0.752704615
14.62	0.743821189
14.63	0.734203701
14.64	0.723861642
14.65	0.712805219
14.66	0.701045344
14.67	0.688593622
14.68	0.67546234
14.69	0.661664459
14.7	0.647213595
14.71	0.63212401
14.72	0.616410594
14.73	0.600088856
14.74	0.583174902
14.75	0.565685425
14.76	0.547637685
14.77	0.529049492
14.78	0.509939192
14.79	0.490325643
14.8	0.470228202
14.81	0.449666702
14.82	0.428661436
14.83	0.407233133
14.84	0.385402939
14.85	0.3631924
14.86	0.340623433
14.87	0.317718313
14.88	0.294499642
14.89	0.270990336
14.9	0.247213595
14.91	0.223192885
14.92	0.19895191
14.93	0.174514593
14.94	0.149905052
14.95	0.125147572
14.96	0.100266587
14.97	0.075286651
14.98	0.050232416
14.99	0.025128607
15	4.31235E-15
15.01	-0.025128607
15.02	-0.050232416
15.03	-0.075286651
15.04	-0.100266587
15.05	-0.125147572
15.06	-0.149905052
15.07	-0.174514593
15.08	-0.19895191
15.09	-0.223192885
15.1	-0.247213595
15.11	-0.270990336
15.12	-0.294499642
15.13	-0.317718313
15.14	-0.340623433
15.15	-0.3631924
15.16	-0.385402939
15.17	-0.407233133
15.18	-0.428661436
15.19	-0.449666702
15.2	-0.470228202
15.21	-0.490325643
15.22	-0.509939192
15.23	-0.529049492
15.24	-0.547637685
15.25	-0.565685425
15.26	-0.583174902
15.27	-0.600088856
15.28	-0.616410594
15.29	-0.63212401
15.3	-0.647213595
15.31	-0.661664459
15.32	-0.67546234
15.33	-0.688593622
15.34	-0.701045344
15.35	-0.712805219
15.36	-0.723861642
15.37	-0.734203701
15.38	-0.743821189
15.39	-0.752704615
15.4	-0.760845213
15.41	-0.768234949
15.42	-0.774866529
15.43	-0.78073341
15.44	-0.785829801
15.45	-0.790150672
15.46	-0.793691761
15.47	-0.796449572
15.48	-0.798421383
15.49	-0.799605248
15.5	-0.8
15.51	-0.799605248
15.52	-0.798421383
15.53	-0.796449572
15.54	-0.793691761
15.55	-0.790150672
15.56	-0.785829801
15.57	-0.78073341
15.58	-0.774866529
15.59	-0.768234949
15.6	-0.760845213
15.61	-0.752704615
15.62	-0.743821189
15.63	-0.734203701
15.64	-0.723861642
15.65	-0.712805219
15.66	-0.701045344
15.67	-0.688593622
15.68	-0.67546234
15.69	-0.661664459
15.7	-0.647213595
15.71	-0.63212401
15.72	-0.616410594
15.73	-0.600088856
15.74	-0.583174902
15.75	-0.565685425
15.76	-0.547637685
15.77	-0.529049492
15.78	-0.509939192
15.79	-0.490325643
15.8	-0.470228202
15.81	-0.449666702
15.82	-0.428661436
15.83	-0.407233133
15.84	-0.385402939
15.85	-0.3631924
15.86	-0.340623433
15.87	-0.317718313
15.88	-0.294499642
15.89	-0.270990336
15.9	-0.247213595
15.91	-0.223192885
15.92	-0.19895191
15.93	-0.174514593
15.94	-0.149905052
15.95	-0.125147572
15.96	-0.100266587
15.97	-0.075286651
15.98	-0.050232416
15.99	-0.025128607
16	-1.56819E-15
16.01	0.025128607
16.02	0.050232416
16.03	0.075286651
16.04	0.100266587
16.05	0.125147572
16.06	0.149905052
16.07	0.174514593
16.08	0.19895191
16.09	0.223192885
16.1	0.247213595
16.11	0.270990336
16.12	0.294499642
16.13	0.317718313
16.14	0.340623433
16.15	0.3631924
16.16	0.385402939
16.17	0.407233133
16.18	0.428661436
16.19	0.449666702
16.2	0.470228202
16.21	0.490325643
16.22	0.509939192
16.23	0.529049492
16.24	0.547637685
16.25	0.565685425
16.26	0.583174902
16.27	0.600088856
16.28	0.616410594
16.29	0.63212401
16.3	0.647213595
16.31	0.661664459
16.32	0.67546234
16.33	0.688593622
16.34	0.701045344
16.35	0.712805219
16.36	0.723861642
16.37	0.734203701
16.38	0.743821189
16.39	0.752704615
16.4	0.760845213
16.41	0.768234949
16.42	0.774866529
16.43	0.78073341
16.44	0.785829801
16.45	0.790150672
16.46	0.793691761
16.47	0.796449572
16.48	0.798421383
16.49	0.799605248
16.5	0.8
16.51	0.799605248
16.52	0.798421383
16.53	0.796449572
16.54	0.793691761
16.55	0.790150672
16.56	0.785829801
16.57	0.78073341
16.58	0.774866529
16.59	0.768234949
16.6	0.760845213
16.61	0.752704615
16.62	0.743821189
16.63	0.734203701
16.64	0.723861642
16.65	0.712805219
16.66	0.701045344
16.67	0.688593622
16.68	0.67546234
16.69	0.661664459
16.7	0.647213595
16.71	0.63212401
16.72	0.616410594
16.73	0.600088856
16.74	0.583174902
16.75	0.565685425
16.76	0.547637685
16.77	0.529049492
16.78	0.509939192
16.79	0.490325643
16.8	0.470228202
16.81	0.449666702
16.82	0.428661436
16.83	0.407233133
16.84	0.385402939
16.85	0.3631924
16.86	0.340623433
16.87	0.317718313
16.88	0.294499642
16.89	0.270990336
16.9	0.247213595
16.91	0.223192885
16.92	0.19895191
16.93	0.174514593
16.94	0.149905052
16.95	0.125147572
16.96	0.100266587
16.97	0.075286651
16.98	0.050232416
16.99	0.025128607
17	-1.17597E-15
17.01	-0.025128607
17.02	-0.050232416
17.03	-0.075286651
17.04	-0.100266587
17.05	-0.125147572
17.06	-0.149905052
17.07	-0.174514593
17.08	-0.19895191
17.09	-0.223192885
17.1	-0.247213595
17.11	-0.270990336
17.12	-0.294499642
17.13	-0.317718313
17.14	-0.340623433
17.15	-0.3631924
17.16	-0.385402939
17.17	-0.407233133
17.18	-0.428661436
17.19	-0.449666702
17.2	-0.470228202
17.21	-0.490325643
17.22	-0.509939192
17.23	-0.529049492
17.24	-0.547637685
17.25	-0.565685425
17.26	-0.583174902
17.27	-0.600088856
17.28	-0.616410594
17.29	-0.63212401
17.3	-0.647213595
17.31	-0.661664459
17.32	-0.67546234
17.33	-0.688593622
17.34	-0.701045344
17.35	-0.712805219
17.36	-0.723861642
17.37	-0.734203701
17.38	-0.743821189
17.39	-0.752704615
17.4	-0.760845213
17.41	-0.768234949
17.42	-0.774866529
17.43	-0.78073341
17.44	-0.785829801
17.45	-0.790150672
17.46	-0.793691761
17.47	-0.796449572
17.48	-0.798421383
17.49	-0.799605248
17.5	-0.8
17.51	-0.799605248
17.52	-0.798421383
17.53	-0.796449572
17.54	-0.793691761
17.55	-0.790150672
17.56	-0.785829801
17.57	-0.78073341
17.58	-0.774866529
17.59	-0.768234949
17.6	-0.760845213
17.61	-0.752704615
17.62	-0.743821189
17.63	-0.734203701
17.64	-0.723861642
17.65	-0.712805219
17.66	-0.701045344
17.67	-0.688593622
17.68	-0.67546234
17.69	-0.661664459
17.7	-0.647213595
17.71	-0.63212401
17.72	-0.616410594
17.73	-0.600088856
17.74	-0.583174902
17.75	-0.565685425
17.76	-0.547637685
17.77	-0.529049492
17.78	-0.509939192
17.79	-0.490325643
17.8	-0.470228202
17.81	-0.449666702
17.82	-0.428661436
17.83	-0.407233133
17.84	-0.385402939
17.85	-0.3631924
17.86	-0.340623433
17.87	-0.317718313
17.88	-0.294499642
17.89	-0.270990336
17.9	-0.247213595
17.91	-0.223192885
17.92	-0.19895191
17.93	-0.174514593
17.94	-0.149905052
17.95	-0.125147572
17.96	-0.100266587
17.97	-0.075286651
17.98	-0.050232416
17.99	-0.025128607
18	-1.76421E-15
18.01	0.025128607
18.02	0.050232416
18.03	0.075286651
18.04	0.100266587
18.05	0.125147572
18.06	0.149905052
18.07	0.174514593
18.08	0.19895191
18.09	0.223192885
18.1	0.247213595
18.11	0.270990336
18.12	0.294499642
18.13	0.317718313
18.14	0.340623433
18.15	0.3631924
18.16	0.385402939
18.17	0.407233133
18.18	0.428661436
18.19	0.449666702
18.2	0.470228202
18.21	0.490325643
18.22	0.509939192
18.23	0.529049492
18.24	0.547637685
18.25	0.565685425
18.26	0.583174902
18.27	0.600088856
18.28	0.616410594
18.29	0.63212401
18.3	0.647213595
18.31	0.661664459
18.32	0.67546234
18.33	0.688593622
18.34	0.701045344
18.35	0.712805219
18.36	0.723861642
18.37	0.734203701
18.38	0.743821189
18.39	0.752704615
18.4	0.760845213
18.41	0.768234949
18.42	0.774866529
18.43	0.78073341
18.44	0.785829801
18.45	0.790150672
18.46	0.793691761
18.47	0.796449572
18.48	0.798421383
18.49	0.799605248
18.5	0.8
18.51	0.799605248
18.52	0.798421383
18.53	0.796449572
18.54	0.793691761
18.55	0.790150672
18.56	0.785829801
18.57	0.78073341
18.58	0.774866529
18.59	0.768234949
18.6	0.760845213
18.61	0.752704615
18.62	0.743821189
18.63	0.734203701
18.64	0.723861642
18.65	0.712805219
18.66	0.701045344
18.67	0.688593622
18.68	0.67546234
18.69	0.661664459
18.7	0.647213595
18.71	0.63212401
18.72	0.616410594
18.73	0.600088856
18.74	0.583174902
18.75	0.565685425
18.76	0.547637685
18.77	0.529049492
18.78	0.509939192
18.79	0.490325643
18.8	0.470228202
18.81	0.449666702
18.82	0.428661436
18.83	0.407233133
18.84	0.385402939
18.85	0.3631924
18.86	0.340623433
18.87	0.317718313
18.88	0.294499642
18.89	0.270990336
18.9	0.247213595
18.91	0.223192885
18.92	0.19895191
18.93	0.174514593
18.94	0.149905052
18.95	0.125147572
18.96	0.100266587
18.97	0.075286651
18.98	0.050232416
18.99	0.025128607
19	4.7044E-15
19.01	-0.025128607
19.02	-0.050232416
19.03	-0.075286651
19.04	-0.100266587
19.05	-0.125147572
19.06	-0.149905052
19.07	-0.174514593
19.08	-0.19895191
19.09	-0.223192885
19.1	-0.247213595
19.11	-0.270990336
19.12	-0.294499642
19.13	-0.317718313
19.14	-0.340623433
19.15	-0.3631924
19.16	-0.385402939
19.17	-0.407233133
19.18	-0.428661436
19.19	-0.449666702
19.2	-0.470228202
19.21	-0.490325643
19.22	-0.509939192
19.23	-0.529049492
19.24	-0.547637685
19.25	-0.565685425
19.26	-0.583174902
19.27	-0.600088856
19.28	-0.616410594
19.29	-0.63212401
19.3	-0.647213595
19.31	-0.661664459
19.32	-0.67546234
19.33	-0.688593622
19.34	-0.701045344
19.35	-0.712805219
19.36	-0.723861642
19.37	-0.734203701
19.38	-0.743821189
19.39	-0.752704615
19.4	-0.760845213
19.41	-0.768234949
19.42	-0.774866529
19.43	-0.78073341
19.44	-0.785829801
19.45	-0.790150672
19.46	-0.793691761
19.47	-0.796449572
19.48	-0.798421383
19.49	-0.799605248
19.5	-0.8
19.51	-0.799605248
19.52	-0.798421383
19.53	-0.796449572
19.54	-0.793691761
19.55	-0.790150672
19.56	-0.785829801
19.57	-0.78073341
19.58	-0.774866529
19.59	-0.768234949
19.6	-0.760845213
19.61	-0.752704615
19.62	-0.743821189
19.63	-0.734203701
19.64	-0.723861642
19.65	-0.712805219
19.66	-0.701045344
19.67	-0.688593622
19.68	-0.67546234
19.69	-0.661664459
19.7	-0.647213595
19.71	-0.63212401
19.72	-0.616410594
19.73	-0.600088856
19.74	-0.583174902
19.75	-0.565685425
19.76	-0.547637685
19.77	-0.529049492
19.78	-0.509939192
19.79	-0.490325643
19.8	-0.470228202
19.81	-0.449666702
19.82	-0.428661436
19.83	-0.407233133
19.84	-0.385402939
19.85	-0.3631924
19.86	-0.340623433
19.87	-0.317718313
19.88	-0.294499642
19.89	-0.270990336
19.9	-0.247213595
19.91	-0.223192885
19.92	-0.19895191
19.93	-0.174514593
19.94	-0.149905052
19.95	-0.125147572
19.96	-0.100266587
19.97	-0.075286651
19.98	-0.050232416
19.99	-0.025128607
20	-1.96024E-15
20.01	0.025128607
20.02	0.050232416
20.03	0.075286651
20.04	0.100266587
20.05	0.125147572
20.06	0.149905052
20.07	0.174514593
20.08	0.19895191
20.09	0.223192885
20.1	0.247213595
20.11	0.270990336
20.12	0.294499642
20.13	0.317718313
20.14	0.340623433
20.15	0.3631924
20.16	0.385402939
20.17	0.407233133
20.18	0.428661436
20.19	0.449666702
20.2	0.470228202
20.21	0.490325643
20.22	0.509939192
20.23	0.529049492
20.24	0.547637685
20.25	0.565685425
20.26	0.583174902
20.27	0.600088856
20.28	0.616410594
20.29	0.63212401
20.3	0.647213595
20.31	0.661664459
20.32	0.67546234
20.33	0.688593622
20.34	0.701045344
20.35	0.712805219
20.36	0.723861642
20.37	0.734203701
20.38	0.743821189
20.39	0.752704615
20.4	0.760845213
20.41	0.768234949
20.42	0.774866529
20.43	0.78073341
20.44	0.785829801
20.45	0.790150672
20.46	0.793691761
20.47	0.796449572
20.48	0.798421383
20.49	0.799605248
20.5	0.8
20.51	0.799605248
20.52	0.798421383
20.53	0.796449572
20.54	0.793691761
20.55	0.790150672
20.56	0.785829801
20.57	0.78073341
20.58	0.774866529
20.59	0.768234949
20.6	0.760845213
20.61	0.752704615
20.62	0.743821189
20.63	0.734203701
20.64	0.723861642
20.65	0.712805219
20.66	0.701045344
20.67	0.688593622
20.68	0.67546234
20.69	0.661664459
20.7	0.647213595
20.71	0.63212401
20.72	0.616410594
20.73	0.600088856
20.74	0.583174902
20.75	0.565685425
20.76	0.547637685
20.77	0.529049492
20.78	0.509939192
20.79	0.490325643
20.8	0.470228202
20.81	0.449666702
20.82	0.428661436
20.83	0.407233133
20.84	0.385402939
20.85	0.3631924
20.86	0.340623433
20.87	0.317718313
20.88	0.294499642
20.89	0.270990336
20.9	0.247213595
20.91	0.223192885
20.92	0.19895191
20.93	0.174514593
20.94	0.149905052
20.95	0.125147572
20.96	0.100266587
20.97	0.075286651
20.98	0.050232416
20.99	0.025128607
21	-7.83922E-16
21.01	-0.025128607
21.02	-0.050232416
21.03	-0.075286651
21.04	-0.100266587
21.05	-0.125147572
21.06	-0.149905052
21.07	-0.174514593
21.08	-0.19895191
21.09	-0.223192885
21.1	-0.247213595
21.11	-0.270990336
21.12	-0.294499642
21.13	-0.317718313
21.14	-0.340623433
21.15	-0.3631924
21.16	-0.385402939
21.17	-0.407233133
21.18	-0.428661436
21.19	-0.449666702
21.2	-0.470228202
21.21	-0.490325643
21.22	-0.509939192
21.23	-0.529049492
21.24	-0.547637685
21.25	-0.565685425
21.26	-0.583174902
21.27	-0.600088856
21.28	-0.616410594
21.29	-0.63212401
21.3	-0.647213595
21.31	-0.661664459
21.32	-0.67546234
21.33	-0.688593622
21.34	-0.701045344
21.35	-0.712805219
21.36	-0.723861642
21.37	-0.734203701
21.38	-0.743821189
21.39	-0.752704615
21.4	-0.760845213
21.41	-0.768234949
21.42	-0.774866529
21.43	-0.78073341
21.44	-0.785829801
21.45	-0.790150672
21.46	-0.793691761
21.47	-0.796449572
21.48	-0.798421383
21.49	-0.799605248
21.5	-0.8
21.51	-0.799605248
21.52	-0.798421383
21.53	-0.796449572
21.54	-0.793691761
21.55	-0.790150672
21.56	-0.785829801
21.57	-0.78073341
21.58	-0.774866529
21.59	-0.768234949
21.6	-0.760845213
21.61	-0.752704615
21.62	-0.743821189
21.63	-0.734203701
21.64	-0.723861642
21.65	-0.712805219
21.66	-0.701045344
21.67	-0.688593622
21.68	-0.67546234
21.69	-0.661664459
21.7	-0.647213595
21.71	-0.63212401
21.72	-0.616410594
21.73	-0.600088856
21.74	-0.583174902
21.75	-0.565685425
21.76	-0.547637685
21.77	-0.529049492
21.78	-0.509939192
21.79	-0.490325643
21.8	-0.470228202
21.81	-0.449666702
21.82	-0.428661436
21.83	-0.407233133
21.84	-0.385402939
21.85	-0.3631924
21.86	-0.340623433
21.87	-0.317718313
21.88	-0.294499642
21.89	-0.270990336
21.9	-0.247213595
21.91	-0.223192885
21.92	-0.19895191
21.93	-0.174514593
21.94	-0.149905052
21.95	-0.125147572
21.96	-0.100266587
21.97	-0.075286651
21.98	-0.050232416
21.99	-0.025128607
22	-7.8406E-15
22.01	0.025128607
22.02	0.050232416
22.03	0.075286651
22.04	0.100266587
22.05	0.125147572
22.06	0.149905052
22.07	0.174514593
22.08	0.19895191
22.09	0.223192885
22.1	0.247213595
22.11	0.270990336
22.12	0.294499642
22.13	0.317718313
22.14	0.340623433
22.15	0.3631924
22.16	0.385402939
22.17	0.407233133
22.18	0.428661436
22.19	0.449666702
22.2	0.470228202
22.21	0.490325643
22.22	0.509939192
22.23	0.529049492
22.24	0.547637685
22.25	0.565685425
22.26	0.583174902
22.27	0.600088856
22.28	0.616410594
22.29	0.63212401
22.3	0.647213595
22.31	0.661664459
22.32	0.67546234
22.33	0.688593622
22.34	0.701045344
22.35	0.712805219
22.36	0.723861642
22.37	0.734203701
22.38	0.743821189
22.39	0.752704615
22.4	0.760845213
22.41	0.768234949
22.42	0.774866529
22.43	0.78073341
22.44	0.785829801
22.45	0.790150672
22.46	0.793691761
22.47	0.796449572
22.48	0.798421383
22.49	0.799605248
22.5	0.8
22.51	0.799605248
22.52	0.798421383
22.53	0.796449572
22.54	0.793691761
22.55	0.790150672
22.56	0.785829801
22.57	0.78073341
22.58	0.774866529
22.59	0.768234949
22.6	0.760845213
22.61	0.752704615
22.62	0.743821189
22.63	0.734203701
22.64	0.723861642
22.65	0.712805219
22.66	0.701045344
22.67	0.688593622
22.68	0.67546234
22.69	0.661664459
22.7	0.647213595
22.71	0.63212401
22.72	0.616410594
22.73	0.600088856
22.74	0.583174902
22.75	0.565685425
22.76	0.547637685
22.77	0.529049492
22.78	0.509939192
22.79	0.490325643
22.8	0.470228202
22.81	0.449666702
22.82	0.428661436
22.83	0.407233133
22.84	0.385402939
22.85	0.3631924
22.86	0.340623433
22.87	0.317718313
22.88	0.294499642
22.89	0.270990336
22.9	0.247213595
22.91	0.223192885
22.92	0.19895191
22.93	0.174514593
22.94	0.149905052
22.95	0.125147572
22.96	0.100266587
22.97	0.075286651
22.98	0.050232416
22.99	0.025128607
23	5.09644E-15
23.01	-0.025128607
23.02	-0.050232416
23.03	-0.075286651
23.04	-0.100266587
23.05	-0.125147572
23.06	-0.149905052
23.07	-0.174514593
23.08	-0.19895191
23.09	-0.223192885
23.1	-0.247213595
23.11	-0.270990336
23.12	-0.294499642
23.13	-0.317718313
23.14	-0.340623433
23.15	-0.3631924
23.16	-0.385402939
23.17	-0.407233133
23.18	-0.428661436
23.19	-0.449666702
23.2	-0.470228202
23.21	-0.490325643
23.22	-0.509939192
23.23	-0.529049492
23.24	-0.547637685
23.25	-0.565685425
23.26	-0.583174902
23.27	-0.600088856
23.28	-0.616410594
23.29	-0.63212401
23.3	-0.647213595
23.31	-0.661664459
23.32	-0.67546234
23.33	-0.688593622
23.34	-0.701045344
23.35	-0.712805219
23.36	-0.723861642
23.37	-0.734203701
23.38	-0.743821189
23.39	-0.752704615
23.4	-0.760845213
23.41	-0.768234949
23.42	-0.774866529
23.43	-0.78073341
23.44	-0.785829801
23.45	-0.790150672
23.46	-0.793691761
23.47	-0.796449572
23.48	-0.798421383
23.49	-0.799605248
23.5	-0.8
23.51	-0.799605248
23.52	-0.798421383
23.53	-0.796449572
23.54	-0.793691761
23.55	-0.790150672
23.56	-0.785829801
23.57	-0.78073341
23.58	-0.774866529
23.59	-0.768234949
23.6	-0.760845213
23.61	-0.752704615
23.62	-0.743821189
23.63	-0.734203701
23.64	-0.723861642
23.65	-0.712805219
23.66	-0.701045344
23.67	-0.688593622
23.68	-0.67546234
23.69	-0.661664459
23.7	-0.647213595
23.71	-0.63212401
23.72	-0.616410594
23.73	-0.600088856
23.74	-0.583174902
23.75	-0.565685425
23.76	-0.547637685
23.77	-0.529049492
23.78	-0.509939192
23.79	-0.490325643
23.8	-0.470228202
23.81	-0.449666702
23.82	-0.428661436
23.83	-0.407233133
23.84	-0.385402939
23.85	-0.3631924
23.86	-0.340623433
23.87	-0.317718313
23.88	-0.294499642
23.89	-0.270990336
23.9	-0.247213595
23.91	-0.223192885
23.92	-0.19895191
23.93	-0.174514593
23.94	-0.149905052
23.95	-0.125147572
23.96	-0.100266587
23.97	-0.075286651
23.98	-0.050232416
23.99	-0.025128607
24	-2.35229E-15
24.01	0.025128607
24.02	0.050232416
24.03	0.075286651
24.04	0.100266587
24.05	0.125147572
24.06	0.149905052
24.07	0.174514593
24.08	0.19895191
24.09	0.223192885
24.1	0.247213595
24.11	0.270990336
24.12	0.294499642
24.13	0.317718313
24.14	0.340623433
24.15	0.3631924
24.16	0.385402939
24.17	0.407233133
24.18	0.428661436
24.19	0.449666702
24.2	0.470228202
24.21	0.490325643
24.22	0.509939192
24.23	0.529049492
24.24	0.547637685
24.25	0.565685425
24.26	0.583174902
24.27	0.600088856
24.28	0.616410594
24.29	0.63212401
24.3	0.647213595
24.31	0.661664459
24.32	0.67546234
24.33	0.688593622
24.34	0.701045344
24.35	0.712805219
24.36	0.723861642
24.37	0.734203701
24.38	0.743821189
24.39	0.752704615
24.4	0.760845213
24.41	0.768234949
24.42	0.774866529
24.43	0.78073341
24.44	0.785829801
24.45	0.790150672
24.46	0.793691761
24.47	0.796449572
24.48	0.798421383
24.49	0.799605248
24.5	0.8
24.51	0.799605248
24.52	0.798421383
24.53	0.796449572
24.54	0.793691761
24.55	0.790150672
24.56	0.785829801
24.57	0.78073341
24.58	0.774866529
24.59	0.768234949
24.6	0.760845213
24.61	0.752704615
24.62	0.743821189
24.63	0.734203701
24.64	0.723861642
24.65	0.712805219
24.66	0.701045344
24.67	0.688593622
24.68	0.67546234
24.69	0.661664459
24.7	0.647213595
24.71	0.63212401
24.72	0.616410594
24.73	0.600088856
24.74	0.583174902
24.75	0.565685425
24.76	0.547637685
24.77	0.529049492
24.78	0.509939192
24.79	0.490325643
24.8	0.470228202
24.81	0.449666702
24.82	0.428661436
24.83	0.407233133
24.84	0.385402939
24.85	0.3631924
24.86	0.340623433
24.87	0.317718313
24.88	0.294499642
24.89	0.270990336
24.9	0.247213595
24.91	0.223192885
24.92	0.19895191
24.93	0.174514593
24.94	0.149905052
24.95	0.125147572
24.96	0.100266587
24.97	0.075286651
24.98	0.050232416
24.99	0.025128607
25	-3.91874E-16
25.01	-0.025128607
25.02	-0.050232416
25.03	-0.075286651
25.04	-0.100266587
25.05	-0.125147572
25.06	-0.149905052
25.07	-0.174514593
25.08	-0.19895191
25.09	-0.223192885
25.1	-0.247213595
25.11	-0.270990336
25.12	-0.294499642
25.13	-0.317718313
25.14	-0.340623433
25.15	-0.3631924
25.16	-0.385402939
25.17	-0.407233133
25.18	-0.428661436
25.19	-0.449666702
25.2	-0.470228202
25.21	-0.490325643
25.22	-0.509939192
25.23	-0.529049492
25.24	-0.547637685
25.25	-0.565685425
25.26	-0.583174902
25.27	-0.600088856
25.28	-0.616410594
25.29	-0.63212401
25.3	-0.647213595
25.31	-0.661664459
25.32	-0.67546234
25.33	-0.688593622
25.34	-0.701045344
25.35	-0.712805219
25.36	-0.723861642
25.37	-0.734203701
25.38	-0.743821189
25.39	-0.752704615
25.4	-0.760845213
25.41	-0.768234949
25.42	-0.774866529
25.43	-0.78073341
25.44	-0.785829801
25.45	-0.790150672
25.46	-0.793691761
25.47	-0.796449572
25.48	-0.798421383
25.49	-0.799605248
25.5	-0.8
25.51	-0.799605248
25.52	-0.798421383
25.53	-0.796449572
25.54	-0.793691761
25.55	-0.790150672
25.56	-0.785829801
25.57	-0.78073341
25.58	-0.774866529
25.59	-0.768234949
25.6	-0.760845213
25.61	-0.752704615
25.62	-0.743821189
25.63	-0.734203701
25.64	-0.723861642
25.65	-0.712805219
25.66	-0.701045344
25.67	-0.688593622
25.68	-0.67546234
25.69	-0.661664459
25.7	-0.647213595
25.71	-0.63212401
25.72	-0.616410594
25.73	-0.600088856
25.74	-0.583174902
25.75	-0.565685425
25.76	-0.547637685
25.77	-0.529049492
25.78	-0.509939192
25.79	-0.490325643
25.8	-0.470228202
25.81	-0.449666702
25.82	-0.428661436
25.83	-0.407233133
25.84	-0.385402939
25.85	-0.3631924
25.86	-0.340623433
25.87	-0.317718313
25.88	-0.294499642
25.89	-0.270990336
25.9	-0.247213595
25.91	-0.223192885
25.92	-0.19895191
25.93	-0.174514593
25.94	-0.149905052
25.95	-0.125147572
25.96	-0.100266587
25.97	-0.075286651
25.98	-0.050232416
25.99	-0.025128607
26	3.13603E-15
26.01	0.025128607
26.02	0.050232416
26.03	0.075286651
26.04	0.100266587
26.05	0.125147572
26.06	0.149905052
26.07	0.174514593
26.08	0.19895191
26.09	0.223192885
26.1	0.247213595
26.11	0.270990336
26.12	0.294499642
26.13	0.317718313
26.14	0.340623433
26.15	0.3631924
26.16	0.385402939
26.17	0.407233133
26.18	0.428661436
26.19	0.449666702
26.2	0.470228202
26.21	0.490325643
26.22	0.509939192
26.23	0.529049492
26.24	0.547637685
26.25	0.565685425
26.26	0.583174902
26.27	0.600088856
26.28	0.616410594
26.29	0.63212401
26.3	0.647213595
26.31	0.661664459
26.32	0.67546234
26.33	0.688593622
26.34	0.701045344
26.35	0.712805219
26.36	0.723861642
26.37	0.734203701
26.38	0.743821189
26.39	0.752704615
26.4	0.760845213
26.41	0.768234949
26.42	0.774866529
26.43	0.78073341
26.44	0.785829801
26.45	0.790150672
26.46	0.793691761
26.47	0.796449572
26.48	0.798421383
26.49	0.799605248
26.5	0.8
26.51	0.799605248
26.52	0.798421383
26.53	0.796449572
26.54	0.793691761
26.55	0.790150672
26.56	0.785829801
26.57	0.78073341
26.58	0.774866529
26.59	0.768234949
26.6	0.760845213
26.61	0.752704615
26.62	0.743821189
26.63	0.734203701
26.64	0.723861642
26.65	0.712805219
26.66	0.701045344
26.67	0.688593622
26.68	0.67546234
26.69	0.661664459
26.7	0.647213595
26.71	0.63212401
26.72	0.616410594
26.73	0.600088856
26.74	0.583174902
26.75	0.565685425
26.76	0.547637685
26.77	0.529049492
26.78	0.509939192
26.79	0.490325643
26.8	0.470228202
26.81	0.449666702
26.82	0.428661436
26.83	0.407233133
26.84	0.385402939
26.85	0.3631924
26.86	0.340623433
26.87	0.317718313
26.88	0.294499642
26.89	0.270990336
26.9	0.247213595
26.91	0.223192885
26.92	0.19895191
26.93	0.174514593
26.94	0.149905052
26.95	0.125147572
26.96	0.100266587
26.97	0.075286651
26.98	0.050232416
26.99	0.025128607
27	5.48849E-15
27.01	-0.025128607
27.02	-0.050232416
27.03	-0.075286651
27.04	-0.100266587
27.05	-0.125147572
27.06	-0.149905052
27.07	-0.174514593
27.08	-0.19895191
27.09	-0.223192885
27.1	-0.247213595
27.11	-0.270990336
27.12	-0.294499642
27.13	-0.317718313
27.14	-0.340623433
27.15	-0.3631924
27.16	-0.385402939
27.17	-0.407233133
27.18	-0.428661436
27.19	-0.449666702
27.2	-0.470228202
27.21	-0.490325643
27.22	-0.509939192
27.23	-0.529049492
27.24	-0.547637685
27.25	-0.565685425
27.26	-0.583174902
27.27	-0.600088856
27.28	-0.616410594
27.29	-0.63212401
27.3	-0.647213595
27.31	-0.661664459
27.32	-0.67546234
27.33	-0.688593622
27.34	-0.701045344
27.35	-0.712805219
27.36	-0.723861642
27.37	-0.734203701
27.38	-0.743821189
27.39	-0.752704615
27.4	-0.760845213
27.41	-0.768234949
27.42	-0.774866529
27.43	-0.78073341
27.44	-0.785829801
27.45	-0.790150672
27.46	-0.793691761
27.47	-0.796449572
27.48	-0.798421383
27.49	-0.799605248
27.5	-0.8
27.51	-0.799605248
27.52	-0.798421383
27.53	-0.796449572
27.54	-0.793691761
27.55	-0.790150672
27.56	-0.785829801
27.57	-0.78073341
27.58	-0.774866529
27.59	-0.768234949
27.6	-0.760845213
27.61	-0.752704615
27.62	-0.743821189
27.63	-0.734203701
27.64	-0.723861642
27.65	-0.712805219
27.66	-0.701045344
27.67	-0.688593622
27.68	-0.67546234
27.69	-0.661664459
27.7	-0.647213595
27.71	-0.63212401
27.72	-0.616410594
27.73	-0.600088856
27.74	-0.583174902
27.75	-0.565685425
27.76	-0.547637685
27.77	-0.529049492
27.78	-0.509939192
27.79	-0.490325643
27.8	-0.470228202
27.81	-0.449666702
27.82	-0.428661436
27.83	-0.407233133
27.84	-0.385402939
27.85	-0.3631924
27.86	-0.340623433
27.87	-0.317718313
27.88	-0.294499642
27.89	-0.270990336
27.9	-0.247213595
27.91	-0.223192885
27.92	-0.19895191
27.93	-0.174514593
27.94	-0.149905052
27.95	-0.125147572
27.96	-0.100266587
27.97	-0.075286651
27.98	-0.050232416
27.99	-0.025128607
28	-2.74433E-15
28.01	0.025128607
28.02	0.050232416
28.03	0.075286651
28.04	0.100266587
28.05	0.125147572
28.06	0.149905052
28.07	0.174514593
28.08	0.19895191
28.09	0.223192885
28.1	0.247213595
28.11	0.270990336
28.12	0.294499642
28.13	0.317718313
28.14	0.340623433
28.15	0.3631924
28.16	0.385402939
28.17	0.407233133
28.18	0.428661436
28.19	0.449666702
28.2	0.470228202
28.21	0.490325643
28.22	0.509939192
28.23	0.529049492
28.24	0.547637685
28.25	0.565685425
28.26	0.583174902
28.27	0.600088856
28.28	0.616410594
28.29	0.63212401
28.3	0.647213595
28.31	0.661664459
28.32	0.67546234
28.33	0.688593622
28.34	0.701045344
28.35	0.712805219
28.36	0.723861642
28.37	0.734203701
28.38	0.743821189
28.39	0.752704615
28.4	0.760845213
28.41	0.768234949
28.42	0.774866529
28.43	0.78073341
28.44	0.785829801
28.45	0.790150672
28.46	0.793691761
28.47	0.796449572
28.48	0.798421383
28.49	0.799605248
28.5	0.8
28.51	0.799605248
28.52	0.798421383
28.53	0.796449572
28.54	0.793691761
28.55	0.790150672
28.56	0.785829801
28.57	0.78073341
28.58	0.774866529
28.59	0.768234949
28.6	0.760845213
28.61	0.752704615
28.62	0.743821189
28.63	0.734203701
28.64	0.723861642
28.65	0.712805219
28.66	0.701045344
28.67	0.688593622
28.68	0.67546234
28.69	0.661664459
28.7	0.647213595
28.71	0.63212401
28.72	0.616410594
28.73	0.600088856
28.74	0.583174902
28.75	0.565685425
28.76	0.547637685
28.77	0.529049492
28.78	0.509939192
28.79	0.490325643
28.8	0.470228202
28.81	0.449666702
28.82	0.428661436
28.83	0.407233133
28.84	0.385402939
28.85	0.3631924
28.86	0.340623433
28.87	0.317718313
28.88	0.294499642
28.89	0.270990336
28.9	0.247213595
28.91	0.223192885
28.92	0.19895191
28.93	0.174514593
28.94	0.149905052
28.95	0.125147572
28.96	0.100266587
28.97	0.075286651
28.98	0.050232416
28.99	0.025128607
29	1.73472E-19
29.01	-0.025128607
29.02	-0.050232416
29.03	-0.075286651
29.04	-0.100266587
29.05	-0.125147572
29.06	-0.149905052
29.07	-0.174514593
29.08	-0.19895191
29.09	-0.223192885
29.1	-0.247213595
29.11	-0.270990336
29.12	-0.294499642
29.13	-0.317718313
29.14	-0.340623433
29.15	-0.3631924
29.16	-0.385402939
29.17	-0.407233133
29.18	-0.428661436
29.19	-0.449666702
29.2	-0.470228202
29.21	-0.490325643
29.22	-0.509939192
29.23	-0.529049492
29.24	-0.547637685
29.25	-0.565685425
29.26	-0.583174902
29.27	-0.600088856
29.28	-0.616410594
29.29	-0.63212401
29.3	-0.647213595
29.31	-0.661664459
29.32	-0.67546234
29.33	-0.688593622
29.34	-0.701045344
29.35	-0.712805219
29.36	-0.723861642
29.37	-0.734203701
29.38	-0.743821189
29.39	-0.752704615
29.4	-0.760845213
29.41	-0.768234949
29.42	-0.774866529
29.43	-0.78073341
29.44	-0.785829801
29.45	-0.790150672
29.46	-0.793691761
29.47	-0.796449572
29.48	-0.798421383
29.49	-0.799605248
29.5	-0.8
29.51	-0.799605248
29.52	-0.798421383
29.53	-0.796449572
29.54	-0.793691761
29.55	-0.790150672
29.56	-0.785829801
29.57	-0.78073341
29.58	-0.774866529
29.59	-0.768234949
29.6	-0.760845213
29.61	-0.752704615
29.62	-0.743821189
29.63	-0.734203701
29.64	-0.723861642
29.65	-0.712805219
29.66	-0.701045344
29.67	-0.688593622
29.68	-0.67546234
29.69	-0.661664459
29.7	-0.647213595
29.71	-0.63212401
29.72	-0.616410594
29.73	-0.600088856
29.74	-0.583174902
29.75	-0.565685425
29.76	-0.547637685
29.77	-0.529049492
29.78	-0.509939192
29.79	-0.490325643
29.8	-0.470228202
29.81	-0.449666702
29.82	-0.428661436
29.83	-0.407233133
29.84	-0.385402939
29.85	-0.3631924
29.86	-0.340623433
29.87	-0.317718313
29.88	-0.294499642
29.89	-0.270990336
29.9	-0.247213595
29.91	-0.223192885
29.92	-0.19895191
29.93	-0.174514593
29.94	-0.149905052
29.95	-0.125147572
29.96	-0.100266587
29.97	-0.075286651
29.98	-0.050232416
29.99	-0.025128607
30	-8.6247E-15
30.01	0.025128607
30.02	0.050232416
30.03	0.075286651
30.04	0.100266587
30.05	0.125147572
30.06	0.149905052
30.07	0.174514593
30.08	0.19895191
30.09	0.223192885
30.1	0.247213595
30.11	0.270990336
30.12	0.294499642
30.13	0.317718313
30.14	0.340623433
30.15	0.3631924
30.16	0.385402939
30.17	0.407233133
30.18	0.428661436
30.19	0.449666702
30.2	0.470228202
30.21	0.490325643
30.22	0.509939192
30.23	0.529049492
30.24	0.547637685
30.25	0.565685425
30.26	0.583174902
30.27	0.600088856
30.28	0.616410594
30.29	0.63212401
30.3	0.647213595
30.31	0.661664459
30.32	0.67546234
30.33	0.688593622
30.34	0.701045344
30.35	0.712805219
30.36	0.723861642
30.37	0.734203701
30.38	0.743821189
30.39	0.752704615
30.4	0.760845213
30.41	0.768234949
30.42	0.774866529
30.43	0.78073341
30.44	0.785829801
30.45	0.790150672
30.46	0.793691761
30.47	0.796449572
30.48	0.798421383
30.49	0.799605248
30.5	0.8
30.51	0.799605248
30.52	0.798421383
30.53	0.796449572
30.54	0.793691761
30.55	0.790150672
30.56	0.785829801
30.57	0.78073341
30.58	0.774866529
30.59	0.768234949
30.6	0.760845213
30.61	0.752704615
30.62	0.743821189
30.63	0.734203701
30.64	0.723861642
30.65	0.712805219
30.66	0.701045344
30.67	0.688593622
30.68	0.67546234
30.69	0.661664459
30.7	0.647213595
30.71	0.63212401
30.72	0.616410594
30.73	0.600088856
30.74	0.583174902
30.75	0.565685425
30.76	0.547637685
30.77	0.529049492
30.78	0.509939192
30.79	0.490325643
30.8	0.470228202
30.81	0.449666702
30.82	0.428661436
30.83	0.407233133
30.84	0.385402939
30.85	0.3631924
30.86	0.340623433
30.87	0.317718313
30.88	0.294499642
30.89	0.270990336
30.9	0.247213595
30.91	0.223192885
30.92	0.19895191
30.93	0.174514593
30.94	0.149905052
30.95	0.125147572
30.96	0.100266587
30.97	0.075286651
30.98	0.050232416
30.99	0.025128607
31	5.88054E-15
31.01	-0.025128607
31.02	-0.050232416
31.03	-0.075286651
31.04	-0.100266587
31.05	-0.125147572
31.06	-0.149905052
31.07	-0.174514593
31.08	-0.19895191
31.09	-0.223192885
31.1	-0.247213595
31.11	-0.270990336
31.12	-0.294499642
31.13	-0.317718313
31.14	-0.340623433
31.15	-0.3631924
31.16	-0.385402939
31.17	-0.407233133
31.18	-0.428661436
31.19	-0.449666702
31.2	-0.470228202
31.21	-0.490325643
31.22	-0.509939192
31.23	-0.529049492
31.24	-0.547637685
31.25	-0.565685425
31.26	-0.583174902
31.27	-0.600088856
31.28	-0.616410594
31.29	-0.63212401
31.3	-0.647213595
31.31	-0.661664459
31.32	-0.67546234
31.33	-0.688593622
31.34	-0.701045344
31.35	-0.712805219
31.36	-0.723861642
31.37	-0.734203701
31.38	-0.743821189
31.39	-0.752704615
31.4	-0.760845213
31.41	-0.768234949
31.42	-0.774866529
31.43	-0.78073341
31.44	-0.785829801
31.45	-0.790150672
31.46	-0.793691761
31.47	-0.796449572
31.48	-0.798421383
31.49	-0.799605248
31.5	-0.8
31.51	-0.799605248
31.52	-0.798421383
31.53	-0.796449572
31.54	-0.793691761
31.55	-0.790150672
31.56	-0.785829801
31.57	-0.78073341
31.58	-0.774866529
31.59	-0.768234949
31.6	-0.760845213
31.61	-0.752704615
31.62	-0.743821189
31.63	-0.734203701
31.64	-0.723861642
31.65	-0.712805219
31.66	-0.701045344
31.67	-0.688593622
31.68	-0.67546234
31.69	-0.661664459
31.7	-0.647213595
31.71	-0.63212401
31.72	-0.616410594
31.73	-0.600088856
31.74	-0.583174902
31.75	-0.565685425
31.76	-0.547637685
31.77	-0.529049492
31.78	-0.509939192
31.79	-0.490325643
31.8	-0.470228202
31.81	-0.449666702
31.82	-0.428661436
31.83	-0.407233133
31.84	-0.385402939
31.85	-0.3631924
31.86	-0.340623433
31.87	-0.317718313
31.88	-0.294499642
31.89	-0.270990336
31.9	-0.247213595
31.91	-0.223192885
31.92	-0.19895191
31.93	-0.174514593
31.94	-0.149905052
31.95	-0.125147572
31.96	-0.100266587
31.97	-0.075286651
31.98	-0.050232416
31.99	-0.025128607
32	-3.13638E-15
32.01	0.025128607
32.02	0.050232416
32.03	0.075286651
32.04	0.100266587
32.05	0.125147572
32.06	0.149905052
32.07	0.174514593
32.08	0.19895191
32.09	0.223192885
32.1	0.247213595
32.11	0.270990336
32.12	0.294499642
32.13	0.317718313
32.14	0.340623433
32.15	0.3631924
32.16	0.385402939
32.17	0.407233133
32.18	0.428661436
32.19	0.449666702
32.2	0.470228202
32.21	0.490325643
32.22	0.509939192
32.23	0.529049492
32.24	0.547637685
32.25	0.565685425
32.26	0.583174902
32.27	0.600088856
32.28	0.616410594
32.29	0.63212401
32.3	0.647213595
32.31	0.661664459
32.32	0.67546234
32.33	0.688593622
32.34	0.701045344
32.35	0.712805219
32.36	0.723861642
32.37	0.734203701
32.38	0.743821189
32.39	0.752704615
32.4	0.760845213
32.41	0.768234949
32.42	0.774866529
32.43	0.78073341
32.44	0.785829801
32.45	0.790150672
32.46	0.793691761
32.47	0.796449572
32.48	0.798421383
32.49	0.799605248
32.5	0.8
32.51	0.799605248
32.52	0.798421383
32.53	0.796449572
32.54	0.793691761
32.55	0.790150672
32.56	0.785829801
32.57	0.78073341
32.58	0.774866529
32.59	0.768234949
32.6	0.760845213
32.61	0.752704615
32.62	0.743821189
32.63	0.734203701
32.64	0.723861642
32.65	0.712805219
32.66	0.701045344
32.67	0.688593622
32.68	0.67546234
32.69	0.661664459
32.7	0.647213595
32.71	0.63212401
32.72	0.616410594
32.73	0.600088856
32.74	0.583174902
32.75	0.565685425
32.76	0.547637685
32.77	0.529049492
32.78	0.509939192
32.79	0.490325643
32.8	0.470228202
32.81	0.449666702
32.82	0.428661436
32.83	0.407233133
32.84	0.385402939
32.85	0.3631924
32.86	0.340623433
32.87	0.317718313
32.88	0.294499642
32.89	0.270990336
32.9	0.247213595
32.91	0.223192885
32.92	0.19895191
32.93	0.174514593
32.94	0.149905052
32.95	0.125147572
32.96	0.100266587
32.97	0.075286651
32.98	0.050232416
32.99	0.025128607
33	3.92221E-16
33.01	-0.025128607
33.02	-0.050232416
33.03	-0.075286651
33.04	-0.100266587
33.05	-0.125147572
33.06	-0.149905052
33.07	-0.174514593
33.08	-0.19895191
33.09	-0.223192885
33.1	-0.247213595
33.11	-0.270990336
33.12	-0.294499642
33.13	-0.317718313
33.14	-0.340623433
33.15	-0.3631924
33.16	-0.385402939
33.17	-0.407233133
33.18	-0.428661436
33.19	-0.449666702
33.2	-0.470228202
33.21	-0.490325643
33.22	-0.509939192
33.23	-0.529049492
33.24	-0.547637685
33.25	-0.565685425
33.26	-0.583174902
33.27	-0.600088856
33.28	-0.616410594
33.29	-0.63212401
33.3	-0.647213595
33.31	-0.661664459
33.32	-0.67546234
33.33	-0.688593622
33.34	-0.701045344
33.35	-0.712805219
33.36	-0.723861642
33.37	-0.734203701
33.38	-0.743821189
33.39	-0.752704615
33.4	-0.760845213
33.41	-0.768234949
33.42	-0.774866529
33.43	-0.78073341
33.44	-0.785829801
33.45	-0.790150672
33.46	-0.793691761
33.47	-0.796449572
33.48	-0.798421383
33.49	-0.799605248
33.5	-0.8
33.51	-0.799605248
33.52	-0.798421383
33.53	-0.796449572
33.54	-0.793691761
33.55	-0.790150672
33.56	-0.785829801
33.57	-0.78073341
33.58	-0.774866529
33.59	-0.768234949
33.6	-0.760845213
33.61	-0.752704615
33.62	-0.743821189
33.63	-0.734203701
33.64	-0.723861642
33.65	-0.712805219
33.66	-0.701045344
33.67	-0.688593622
33.68	-0.67546234
33.69	-0.661664459
33.7	-0.647213595
33.71	-0.63212401
33.72	-0.616410594
33.73	-0.600088856
33.74	-0.583174902
33.75	-0.565685425
33.76	-0.547637685
33.77	-0.529049492
33.78	-0.509939192
33.79	-0.490325643
33.8	-0.470228202
33.81	-0.449666702
33.82	-0.428661436
33.83	-0.407233133
33.84	-0.385402939
33.85	-0.3631924
33.86	-0.340623433
33.87	-0.317718313
33.88	-0.294499642
33.89	-0.270990336
33.9	-0.247213595
33.91	-0.223192885
33.92	-0.19895191
33.93	-0.174514593
33.94	-0.149905052
33.95	-0.125147572
33.96	-0.100266587
33.97	-0.075286651
33.98	-0.050232416
33.99	-0.025128607
34	2.35194E-15
34.01	0.025128607
34.02	0.050232416
34.03	0.075286651
34.04	0.100266587
34.05	0.125147572
34.06	0.149905052
34.07	0.174514593
34.08	0.19895191
34.09	0.223192885
34.1	0.247213595
34.11	0.270990336
34.12	0.294499642
34.13	0.317718313
34.14	0.340623433
34.15	0.3631924
34.16	0.385402939
34.17	0.407233133
34.18	0.428661436
34.19	0.449666702
34.2	0.470228202
34.21	0.490325643
34.22	0.509939192
34.23	0.529049492
34.24	0.547637685
34.25	0.565685425
34.26	0.583174902
34.27	0.600088856
34.28	0.616410594
34.29	0.63212401
34.3	0.647213595
34.31	0.661664459
34.32	0.67546234
34.33	0.688593622
34.34	0.701045344
34.35	0.712805219
34.36	0.723861642
34.37	0.734203701
34.38	0.743821189
34.39	0.752704615
34.4	0.760845213
34.41	0.768234949
34.42	0.774866529
34.43	0.78073341
34.44	0.785829801
34.45	0.790150672
34.46	0.793691761
34.47	0.796449572
34.48	0.798421383
34.49	0.799605248
34.5	0.8
34.51	0.799605248
34.52	0.798421383
34.53	0.796449572
34.54	0.793691761
34.55	0.790150672
34.56	0.785829801
34.57	0.78073341
34.58	0.774866529
34.59	0.768234949
34.6	0.760845213
34.61	0.752704615
34.62	0.743821189
34.63	0.734203701
34.64	0.723861642
34.65	0.712805219
34.66	0.701045344
34.67	0.688593622
34.68	0.67546234
34.69	0.661664459
34.7	0.647213595
34.71	0.63212401
34.72	0.616410594
34.73	0.600088856
34.74	0.583174902
34.75	0.565685425
34.76	0.547637685
34.77	0.529049492
34.78	0.509939192
34.79	0.490325643
34.8	0.470228202
34.81	0.449666702
34.82	0.428661436
34.83	0.407233133
34.84	0.385402939
34.85	0.3631924
34.86	0.340623433
34.87	0.317718313
34.88	0.294499642
34.89	0.270990336
34.9	0.247213595
34.91	0.223192885
34.92	0.19895191
34.93	0.174514593
34.94	0.149905052
34.95	0.125147572
34.96	0.100266587
34.97	0.075286651
34.98	0.050232416
34.99	0.025128607
35	6.27259E-15
35.01	-0.025128607
35.02	-0.050232416
35.03	-0.075286651
35.04	-0.100266587
35.05	-0.125147572
35.06	-0.149905052
35.07	-0.174514593
35.08	-0.19895191
35.09	-0.223192885
35.1	-0.247213595
35.11	-0.270990336
35.12	-0.294499642
35.13	-0.317718313
35.14	-0.340623433
35.15	-0.3631924
35.16	-0.385402939
35.17	-0.407233133
35.18	-0.428661436
35.19	-0.449666702
35.2	-0.470228202
35.21	-0.490325643
35.22	-0.509939192
35.23	-0.529049492
35.24	-0.547637685
35.25	-0.565685425
35.26	-0.583174902
35.27	-0.600088856
35.28	-0.616410594
35.29	-0.63212401
35.3	-0.647213595
35.31	-0.661664459
35.32	-0.67546234
35.33	-0.688593622
35.34	-0.701045344
35.35	-0.712805219
35.36	-0.723861642
35.37	-0.734203701
35.38	-0.743821189
35.39	-0.752704615
35.4	-0.760845213
35.41	-0.768234949
35.42	-0.774866529
35.43	-0.78073341
35.44	-0.785829801
35.45	-0.790150672
35.46	-0.793691761
35.47	-0.796449572
35.48	-0.798421383
35.49	-0.799605248
35.5	-0.8
35.51	-0.799605248
35.52	-0.798421383
35.53	-0.796449572
35.54	-0.793691761
35.55	-0.790150672
35.56	-0.785829801
35.57	-0.78073341
35.58	-0.774866529
35.59	-0.768234949
35.6	-0.760845213
35.61	-0.752704615
35.62	-0.743821189
35.63	-0.734203701
35.64	-0.723861642
35.65	-0.712805219
35.66	-0.701045344
35.67	-0.688593622
35.68	-0.67546234
35.69	-0.661664459
35.7	-0.647213595
35.71	-0.63212401
35.72	-0.616410594
35.73	-0.600088856
35.74	-0.583174902
35.75	-0.565685425
35.76	-0.547637685
35.77	-0.529049492
35.78	-0.509939192
35.79	-0.490325643
35.8	-0.470228202
35.81	-0.449666702
35.82	-0.428661436
35.83	-0.407233133
35.84	-0.385402939
35.85	-0.3631924
35.86	-0.340623433
35.87	-0.317718313
35.88	-0.294499642
35.89	-0.270990336
35.9	-0.247213595
35.91	-0.223192885
35.92	-0.19895191
35.93	-0.174514593
35.94	-0.149905052
35.95	-0.125147572
35.96	-0.100266587
35.97	-0.075286651
35.98	-0.050232416
35.99	-0.025128607
36	-3.52843E-15
36.01	0.025128607
36.02	0.050232416
36.03	0.075286651
36.04	0.100266587
36.05	0.125147572
36.06	0.149905052
36.07	0.174514593
36.08	0.19895191
36.09	0.223192885
36.1	0.247213595
36.11	0.270990336
36.12	0.294499642
36.13	0.317718313
36.14	0.340623433
36.15	0.3631924
36.16	0.385402939
36.17	0.407233133
36.18	0.428661436
36.19	0.449666702
36.2	0.470228202
36.21	0.490325643
36.22	0.509939192
36.23	0.529049492
36.24	0.547637685
36.25	0.565685425
36.26	0.583174902
36.27	0.600088856
36.28	0.616410594
36.29	0.63212401
36.3	0.647213595
36.31	0.661664459
36.32	0.67546234
36.33	0.688593622
36.34	0.701045344
36.35	0.712805219
36.36	0.723861642
36.37	0.734203701
36.38	0.743821189
36.39	0.752704615
36.4	0.760845213
36.41	0.768234949
36.42	0.774866529
36.43	0.78073341
36.44	0.785829801
36.45	0.790150672
36.46	0.793691761
36.47	0.796449572
36.48	0.798421383
36.49	0.799605248
36.5	0.8
36.51	0.799605248
36.52	0.798421383
36.53	0.796449572
36.54	0.793691761
36.55	0.790150672
36.56	0.785829801
36.57	0.78073341
36.58	0.774866529
36.59	0.768234949
36.6	0.760845213
36.61	0.752704615
36.62	0.743821189
36.63	0.734203701
36.64	0.723861642
36.65	0.712805219
36.66	0.701045344
36.67	0.688593622
36.68	0.67546234
36.69	0.661664459
36.7	0.647213595
36.71	0.63212401
36.72	0.616410594
36.73	0.600088856
36.74	0.583174902
36.75	0.565685425
36.76	0.547637685
36.77	0.529049492
36.78	0.509939192
36.79	0.490325643
36.8	0.470228202
36.81	0.449666702
36.82	0.428661436
36.83	0.407233133
36.84	0.385402939
36.85	0.3631924
36.86	0.340623433
36.87	0.317718313
36.88	0.294499642
36.89	0.270990336
36.9	0.247213595
36.91	0.223192885
36.92	0.19895191
36.93	0.174514593
36.94	0.149905052
36.95	0.125147572
36.96	0.100266587
36.97	0.075286651
36.98	0.050232416
36.99	0.025128607
37	7.84268E-16
37.01	-0.025128607
37.02	-0.050232416
37.03	-0.075286651
37.04	-0.100266587
37.05	-0.125147572
37.06	-0.149905052
37.07	-0.174514593
37.08	-0.19895191
37.09	-0.223192885
37.1	-0.247213595
37.11	-0.270990336
37.12	-0.294499642
37.13	-0.317718313
37.14	-0.340623433
37.15	-0.3631924
37.16	-0.385402939
37.17	-0.407233133
37.18	-0.428661436
37.19	-0.449666702
37.2	-0.470228202
37.21	-0.490325643
37.22	-0.509939192
37.23	-0.529049492
37.24	-0.547637685
37.25	-0.565685425
37.26	-0.583174902
37.27	-0.600088856
37.28	-0.616410594
37.29	-0.63212401
37.3	-0.647213595
37.31	-0.661664459
37.32	-0.67546234
37.33	-0.688593622
37.34	-0.701045344
37.35	-0.712805219
37.36	-0.723861642
37.37	-0.734203701
37.38	-0.743821189
37.39	-0.752704615
37.4	-0.760845213
37.41	-0.768234949
37.42	-0.774866529
37.43	-0.78073341
37.44	-0.785829801
37.45	-0.790150672
37.46	-0.793691761
37.47	-0.796449572
37.48	-0.798421383
37.49	-0.799605248
37.5	-0.8
37.51	-0.799605248
37.52	-0.798421383
37.53	-0.796449572
37.54	-0.793691761
37.55	-0.790150672
37.56	-0.785829801
37.57	-0.78073341
37.58	-0.774866529
37.59	-0.768234949
37.6	-0.760845213
37.61	-0.752704615
37.62	-0.743821189
37.63	-0.734203701
37.64	-0.723861642
37.65	-0.712805219
37.66	-0.701045344
37.67	-0.688593622
37.68	-0.67546234
37.69	-0.661664459
37.7	-0.647213595
37.71	-0.63212401
37.72	-0.616410594
37.73	-0.600088856
37.74	-0.583174902
37.75	-0.565685425
37.76	-0.547637685
37.77	-0.529049492
37.78	-0.509939192
37.79	-0.490325643
37.8	-0.470228202
37.81	-0.449666702
37.82	-0.428661436
37.83	-0.407233133
37.84	-0.385402939
37.85	-0.3631924
37.86	-0.340623433
37.87	-0.317718313
37.88	-0.294499642
37.89	-0.270990336
37.9	-0.247213595
37.91	-0.223192885
37.92	-0.19895191
37.93	-0.174514593
37.94	-0.149905052
37.95	-0.125147572
37.96	-0.100266587
37.97	-0.075286651
37.98	-0.050232416
37.99	-0.025128607
38	-9.40879E-15
38.01	0.025128607
38.02	0.050232416
38.03	0.075286651
38.04	0.100266587
38.05	0.125147572
38.06	0.149905052
38.07	0.174514593
38.08	0.19895191
38.09	0.223192885
38.1	0.247213595
38.11	0.270990336
38.12	0.294499642
38.13	0.317718313
38.14	0.340623433
38.15	0.3631924
38.16	0.385402939
38.17	0.407233133
38.18	0.428661436
38.19	0.449666702
38.2	0.470228202
38.21	0.490325643
38.22	0.509939192
38.23	0.529049492
38.24	0.547637685
38.25	0.565685425
38.26	0.583174902
38.27	0.600088856
38.28	0.616410594
38.29	0.63212401
38.3	0.647213595
38.31	0.661664459
38.32	0.67546234
38.33	0.688593622
38.34	0.701045344
38.35	0.712805219
38.36	0.723861642
38.37	0.734203701
38.38	0.743821189
38.39	0.752704615
38.4	0.760845213
38.41	0.768234949
38.42	0.774866529
38.43	0.78073341
38.44	0.785829801
38.45	0.790150672
38.46	0.793691761
38.47	0.796449572
38.48	0.798421383
38.49	0.799605248
38.5	0.8
38.51	0.799605248
38.52	0.798421383
38.53	0.796449572
38.54	0.793691761
38.55	0.790150672
38.56	0.785829801
38.57	0.78073341
38.58	0.774866529
38.59	0.768234949
38.6	0.760845213
38.61	0.752704615
38.62	0.743821189
38.63	0.734203701
38.64	0.723861642
38.65	0.712805219
38.66	0.701045344
38.67	0.688593622
38.68	0.67546234
38.69	0.661664459
38.7	0.647213595
38.71	0.63212401
38.72	0.616410594
38.73	0.600088856
38.74	0.583174902
38.75	0.565685425
38.76	0.547637685
38.77	0.529049492
38.78	0.509939192
38.79	0.490325643
38.8	0.470228202
38.81	0.449666702
38.82	0.428661436
38.83	0.407233133
38.84	0.385402939
38.85	0.3631924
38.86	0.340623433
38.87	0.317718313
38.88	0.294499642
38.89	0.270990336
38.9	0.247213595
38.91	0.223192885
38.92	0.19895191
38.93	0.174514593
38.94	0.149905052
38.95	0.125147572
38.96	0.100266587
38.97	0.075286651
38.98	0.050232416
38.99	0.025128607
39	6.66463E-15
39.01	-0.025128607
39.02	-0.050232416
39.03	-0.075286651
39.04	-0.100266587
39.05	-0.125147572
39.06	-0.149905052
39.07	-0.174514593
39.08	-0.19895191
39.09	-0.223192885
39.1	-0.247213595
39.11	-0.270990336
39.12	-0.294499642
39.13	-0.317718313
39.14	-0.340623433
39.15	-0.3631924
39.16	-0.385402939
39.17	-0.407233133
39.18	-0.428661436
39.19	-0.449666702
39.2	-0.470228202
39.21	-0.490325643
39.22	-0.509939192
39.23	-0.529049492
39.24	-0.547637685
39.25	-0.565685425
39.26	-0.583174902
39.27	-0.600088856
39.28	-0.616410594
39.29	-0.63212401
39.3	-0.647213595
39.31	-0.661664459
39.32	-0.67546234
39.33	-0.688593622
39.34	-0.701045344
39.35	-0.712805219
39.36	-0.723861642
39.37	-0.734203701
39.38	-0.743821189
39.39	-0.752704615
39.4	-0.760845213
39.41	-0.768234949
39.42	-0.774866529
39.43	-0.78073341
39.44	-0.785829801
39.45	-0.790150672
39.46	-0.793691761
39.47	-0.796449572
39.48	-0.798421383
39.49	-0.799605248
39.5	-0.8
39.51	-0.799605248
39.52	-0.798421383
39.53	-0.796449572
39.54	-0.793691761
39.55	-0.790150672
39.56	-0.785829801
39.57	-0.78073341
39.58	-0.774866529
39.59	-0.768234949
39.6	-0.760845213
39.61	-0.752704615
39.62	-0.743821189
39.63	-0.734203701
39.64	-0.723861642
39.65	-0.712805219
39.66	-0.701045344
39.67	-0.688593622
39.68	-0.67546234
39.69	-0.661664459
39.7	-0.647213595
39.71	-0.63212401
39.72	-0.616410594
39.73	-0.600088856
39.74	-0.583174902
39.75	-0.565685425
39.76	-0.547637685
39.77	-0.529049492
39.78	-0.509939192
39.79	-0.490325643
39.8	-0.470228202
39.81	-0.449666702
39.82	-0.428661436
39.83	-0.407233133
39.84	-0.385402939
39.85	-0.3631924
39.86	-0.340623433
39.87	-0.317718313
39.88	-0.294499642
39.89	-0.270990336
39.9	-0.247213595
39.91	-0.223192885
39.92	-0.19895191
39.93	-0.174514593
39.94	-0.149905052
39.95	-0.125147572
39.96	-0.100266587
39.97	-0.075286651
39.98	-0.050232416
39.99	-0.025128607
40	-3.92048E-15
40.01	0.025128607
40.02	0.050232416
40.03	0.075286651
40.04	0.100266587
40.05	0.125147572
40.06	0.149905052
40.07	0.174514593
40.08	0.19895191
40.09	0.223192885
40.1	0.247213595
40.11	0.270990336
40.12	0.294499642
40.13	0.317718313
40.14	0.340623433
40.15	0.3631924
40.16	0.385402939
40.17	0.407233133
40.18	0.428661436
40.19	0.449666702
40.2	0.470228202
40.21	0.490325643
40.22	0.509939192
40.23	0.529049492
40.24	0.547637685
40.25	0.565685425
40.26	0.583174902
40.27	0.600088856
40.28	0.616410594
40.29	0.63212401
40.3	0.647213595
40.31	0.661664459
40.32	0.67546234
40.33	0.688593622
40.34	0.701045344
40.35	0.712805219
40.36	0.723861642
40.37	0.734203701
40.38	0.743821189
40.39	0.752704615
40.4	0.760845213
40.41	0.768234949
40.42	0.774866529
40.43	0.78073341
40.44	0.785829801
40.45	0.790150672
40.46	0.793691761
40.47	0.796449572
40.48	0.798421383
40.49	0.799605248
40.5	0.8
40.51	0.799605248
40.52	0.798421383
40.53	0.796449572
40.54	0.793691761
40.55	0.790150672
40.56	0.785829801
40.57	0.78073341
40.58	0.774866529
40.59	0.768234949
40.6	0.760845213
40.61	0.752704615
40.62	0.743821189
40.63	0.734203701
40.64	0.723861642
40.65	0.712805219
40.66	0.701045344
40.67	0.688593622
40.68	0.67546234
40.69	0.661664459
40.7	0.647213595
40.71	0.63212401
40.72	0.616410594
40.73	0.600088856
40.74	0.583174902
40.75	0.565685425
40.76	0.547637685
40.77	0.529049492
40.78	0.509939192
40.79	0.490325643
40.8	0.470228202
40.81	0.449666702
40.82	0.428661436
40.83	0.407233133
40.84	0.385402939
40.85	0.3631924
40.86	0.340623433
40.87	0.317718313
40.88	0.294499642
40.89	0.270990336
40.9	0.247213595
40.91	0.223192885
40.92	0.19895191
40.93	0.174514593
40.94	0.149905052
40.95	0.125147572
40.96	0.100266587
40.97	0.075286651
40.98	0.050232416
40.99	0.025128607
41	1.2545E-14
41.01	-0.025128607
41.02	-0.050232416
41.03	-0.075286651
41.04	-0.100266587
41.05	-0.125147572
41.06	-0.149905052
41.07	-0.174514593
41.08	-0.19895191
41.09	-0.223192885
41.1	-0.247213595
41.11	-0.270990336
41.12	-0.294499642
41.13	-0.317718313
41.14	-0.340623433
41.15	-0.3631924
41.16	-0.385402939
41.17	-0.407233133
41.18	-0.428661436
41.19	-0.449666702
41.2	-0.470228202
41.21	-0.490325643
41.22	-0.509939192
41.23	-0.529049492
41.24	-0.547637685
41.25	-0.565685425
41.26	-0.583174902
41.27	-0.600088856
41.28	-0.616410594
41.29	-0.63212401
41.3	-0.647213595
41.31	-0.661664459
41.32	-0.67546234
41.33	-0.688593622
41.34	-0.701045344
41.35	-0.712805219
41.36	-0.723861642
41.37	-0.734203701
41.38	-0.743821189
41.39	-0.752704615
41.4	-0.760845213
41.41	-0.768234949
41.42	-0.774866529
41.43	-0.78073341
41.44	-0.785829801
41.45	-0.790150672
41.46	-0.793691761
41.47	-0.796449572
41.48	-0.798421383
41.49	-0.799605248
41.5	-0.8
41.51	-0.799605248
41.52	-0.798421383
41.53	-0.796449572
41.54	-0.793691761
41.55	-0.790150672
41.56	-0.785829801
41.57	-0.78073341
41.58	-0.774866529
41.59	-0.768234949
41.6	-0.760845213
41.61	-0.752704615
41.62	-0.743821189
41.63	-0.734203701
41.64	-0.723861642
41.65	-0.712805219
41.66	-0.701045344
41.67	-0.688593622
41.68	-0.67546234
41.69	-0.661664459
41.7	-0.647213595
41.71	-0.63212401
41.72	-0.616410594
41.73	-0.600088856
41.74	-0.583174902
41.75	-0.565685425
41.76	-0.547637685
41.77	-0.529049492
41.78	-0.509939192
41.79	-0.490325643
41.8	-0.470228202
41.81	-0.449666702
41.82	-0.428661436
41.83	-0.407233133
41.84	-0.385402939
41.85	-0.3631924
41.86	-0.340623433
41.87	-0.317718313
41.88	-0.294499642
41.89	-0.270990336
41.9	-0.247213595
41.91	-0.223192885
41.92	-0.19895191
41.93	-0.174514593
41.94	-0.149905052
41.95	-0.125147572
41.96	-0.100266587
41.97	-0.075286651
41.98	-0.050232416
41.99	-0.025128607
42	1.56784E-15
42.01	0.025128607
42.02	0.050232416
42.03	0.075286651
42.04	0.100266587
42.05	0.125147572
42.06	0.149905052
42.07	0.174514593
42.08	0.19895191
42.09	0.223192885
42.1	0.247213595
42.11	0.270990336
42.12	0.294499642
42.13	0.317718313
42.14	0.340623433
42.15	0.3631924
42.16	0.385402939
42.17	0.407233133
42.18	0.428661436
42.19	0.449666702
42.2	0.470228202
42.21	0.490325643
42.22	0.509939192
42.23	0.529049492
42.24	0.547637685
42.25	0.565685425
42.26	0.583174902
42.27	0.600088856
42.28	0.616410594
42.29	0.63212401
42.3	0.647213595
42.31	0.661664459
42.32	0.67546234
42.33	0.688593622
42.34	0.701045344
42.35	0.712805219
42.36	0.723861642
42.37	0.734203701
42.38	0.743821189
42.39	0.752704615
42.4	0.760845213
42.41	0.768234949
42.42	0.774866529
42.43	0.78073341
42.44	0.785829801
42.45	0.790150672
42.46	0.793691761
42.47	0.796449572
42.48	0.798421383
42.49	0.799605248
42.5	0.8
42.51	0.799605248
42.52	0.798421383
42.53	0.796449572
42.54	0.793691761
42.55	0.790150672
42.56	0.785829801
42.57	0.78073341
42.58	0.774866529
42.59	0.768234949
42.6	0.760845213
42.61	0.752704615
42.62	0.743821189
42.63	0.734203701
42.64	0.723861642
42.65	0.712805219
42.66	0.701045344
42.67	0.688593622
42.68	0.67546234
42.69	0.661664459
42.7	0.647213595
42.71	0.63212401
42.72	0.616410594
42.73	0.600088856
42.74	0.583174902
42.75	0.565685425
42.76	0.547637685
42.77	0.529049492
42.78	0.509939192
42.79	0.490325643
42.8	0.470228202
42.81	0.449666702
42.82	0.428661436
42.83	0.407233133
42.84	0.385402939
42.85	0.3631924
42.86	0.340623433
42.87	0.317718313
42.88	0.294499642
42.89	0.270990336
42.9	0.247213595
42.91	0.223192885
42.92	0.19895191
42.93	0.174514593
42.94	0.149905052
42.95	0.125147572
42.96	0.100266587
42.97	0.075286651
42.98	0.050232416
42.99	0.025128607
43	7.05668E-15
43.01	-0.025128607
43.02	-0.050232416
43.03	-0.075286651
43.04	-0.100266587
43.05	-0.125147572
43.06	-0.149905052
43.07	-0.174514593
43.08	-0.19895191
43.09	-0.223192885
43.1	-0.247213595
43.11	-0.270990336
43.12	-0.294499642
43.13	-0.317718313
43.14	-0.340623433
43.15	-0.3631924
43.16	-0.385402939
43.17	-0.407233133
43.18	-0.428661436
43.19	-0.449666702
43.2	-0.470228202
43.21	-0.490325643
43.22	-0.509939192
43.23	-0.529049492
43.24	-0.547637685
43.25	-0.565685425
43.26	-0.583174902
43.27	-0.600088856
43.28	-0.616410594
43.29	-0.63212401
43.3	-0.647213595
43.31	-0.661664459
43.32	-0.67546234
43.33	-0.688593622
43.34	-0.701045344
43.35	-0.712805219
43.36	-0.723861642
43.37	-0.734203701
43.38	-0.743821189
43.39	-0.752704615
43.4	-0.760845213
43.41	-0.768234949
43.42	-0.774866529
43.43	-0.78073341
43.44	-0.785829801
43.45	-0.790150672
43.46	-0.793691761
43.47	-0.796449572
43.48	-0.798421383
43.49	-0.799605248
43.5	-0.8
43.51	-0.799605248
43.52	-0.798421383
43.53	-0.796449572
43.54	-0.793691761
43.55	-0.790150672
43.56	-0.785829801
43.57	-0.78073341
43.58	-0.774866529
43.59	-0.768234949
43.6	-0.760845213
43.61	-0.752704615
43.62	-0.743821189
43.63	-0.734203701
43.64	-0.723861642
43.65	-0.712805219
43.66	-0.701045344
43.67	-0.688593622
43.68	-0.67546234
43.69	-0.661664459
43.7	-0.647213595
43.71	-0.63212401
43.72	-0.616410594
43.73	-0.600088856
43.74	-0.583174902
43.75	-0.565685425
43.76	-0.547637685
43.77	-0.529049492
43.78	-0.509939192
43.79	-0.490325643
43.8	-0.470228202
43.81	-0.449666702
43.82	-0.428661436
43.83	-0.407233133
43.84	-0.385402939
43.85	-0.3631924
43.86	-0.340623433
43.87	-0.317718313
43.88	-0.294499642
43.89	-0.270990336
43.9	-0.247213595
43.91	-0.223192885
43.92	-0.19895191
43.93	-0.174514593
43.94	-0.149905052
43.95	-0.125147572
43.96	-0.100266587
43.97	-0.075286651
43.98	-0.050232416
43.99	-0.025128607
44	-1.56812E-14
44.01	0.025128607
44.02	0.050232416
44.03	0.075286651
44.04	0.100266587
44.05	0.125147572
44.06	0.149905052
44.07	0.174514593
44.08	0.19895191
44.09	0.223192885
44.1	0.247213595
44.11	0.270990336
44.12	0.294499642
44.13	0.317718313
44.14	0.340623433
44.15	0.3631924
44.16	0.385402939
44.17	0.407233133
44.18	0.428661436
44.19	0.449666702
44.2	0.470228202
44.21	0.490325643
44.22	0.509939192
44.23	0.529049492
44.24	0.547637685
44.25	0.565685425
44.26	0.583174902
44.27	0.600088856
44.28	0.616410594
44.29	0.63212401
44.3	0.647213595
44.31	0.661664459
44.32	0.67546234
44.33	0.688593622
44.34	0.701045344
44.35	0.712805219
44.36	0.723861642
44.37	0.734203701
44.38	0.743821189
44.39	0.752704615
44.4	0.760845213
44.41	0.768234949
44.42	0.774866529
44.43	0.78073341
44.44	0.785829801
44.45	0.790150672
44.46	0.793691761
44.47	0.796449572
44.48	0.798421383
44.49	0.799605248
44.5	0.8
44.51	0.799605248
44.52	0.798421383
44.53	0.796449572
44.54	0.793691761
44.55	0.790150672
44.56	0.785829801
44.57	0.78073341
44.58	0.774866529
44.59	0.768234949
44.6	0.760845213
44.61	0.752704615
44.62	0.743821189
44.63	0.734203701
44.64	0.723861642
44.65	0.712805219
44.66	0.701045344
44.67	0.688593622
44.68	0.67546234
44.69	0.661664459
44.7	0.647213595
44.71	0.63212401
44.72	0.616410594
44.73	0.600088856
44.74	0.583174902
44.75	0.565685425
44.76	0.547637685
44.77	0.529049492
44.78	0.509939192
44.79	0.490325643
44.8	0.470228202
44.81	0.449666702
44.82	0.428661436
44.83	0.407233133
44.84	0.385402939
44.85	0.3631924
44.86	0.340623433
44.87	0.317718313
44.88	0.294499642
44.89	0.270990336
44.9	0.247213595
44.91	0.223192885
44.92	0.19895191
44.93	0.174514593
44.94	0.149905052
44.95	0.125147572
44.96	0.100266587
44.97	0.075286651
44.98	0.050232416
44.99	0.025128607
45	1.56836E-15
45.01	-0.025128607
45.02	-0.050232416
45.03	-0.075286651
45.04	-0.100266587
45.05	-0.125147572
45.06	-0.149905052
45.07	-0.174514593
45.08	-0.19895191
45.09	-0.223192885
45.1	-0.247213595
45.11	-0.270990336
45.12	-0.294499642
45.13	-0.317718313
45.14	-0.340623433
45.15	-0.3631924
45.16	-0.385402939
45.17	-0.407233133
45.18	-0.428661436
45.19	-0.449666702
45.2	-0.470228202
45.21	-0.490325643
45.22	-0.509939192
45.23	-0.529049492
45.24	-0.547637685
45.25	-0.565685425
45.26	-0.583174902
45.27	-0.600088856
45.28	-0.616410594
45.29	-0.63212401
45.3	-0.647213595
45.31	-0.661664459
45.32	-0.67546234
45.33	-0.688593622
45.34	-0.701045344
45.35	-0.712805219
45.36	-0.723861642
45.37	-0.734203701
45.38	-0.743821189
45.39	-0.752704615
45.4	-0.760845213
45.41	-0.768234949
45.42	-0.774866529
45.43	-0.78073341
45.44	-0.785829801
45.45	-0.790150672
45.46	-0.793691761
45.47	-0.796449572
45.48	-0.798421383
45.49	-0.799605248
45.5	-0.8
45.51	-0.799605248
45.52	-0.798421383
45.53	-0.796449572
45.54	-0.793691761
45.55	-0.790150672
45.56	-0.785829801
45.57	-0.78073341
45.58	-0.774866529
45.59	-0.768234949
45.6	-0.760845213
45.61	-0.752704615
45.62	-0.743821189
45.63	-0.734203701
45.64	-0.723861642
45.65	-0.712805219
45.66	-0.701045344
45.67	-0.688593622
45.68	-0.67546234
45.69	-0.661664459
45.7	-0.647213595
45.71	-0.63212401
45.72	-0.616410594
45.73	-0.600088856
45.74	-0.583174902
45.75	-0.565685425
45.76	-0.547637685
45.77	-0.529049492
45.78	-0.509939192
45.79	-0.490325643
45.8	-0.470228202
45.81	-0.449666702
45.82	-0.428661436
45.83	-0.407233133
45.84	-0.385402939
45.85	-0.3631924
45.86	-0.340623433
45.87	-0.317718313
45.88	-0.294499642
45.89	-0.270990336
45.9	-0.247213595
45.91	-0.223192885
45.92	-0.19895191
45.93	-0.174514593
45.94	-0.149905052
45.95	-0.125147572
45.96	-0.100266587
45.97	-0.075286651
45.98	-0.050232416
45.99	-0.025128607
46	-1.01929E-14
46.01	0.025128607
46.02	0.050232416
46.03	0.075286651
46.04	0.100266587
46.05	0.125147572
46.06	0.149905052
46.07	0.174514593
46.08	0.19895191
46.09	0.223192885
46.1	0.247213595
46.11	0.270990336
46.12	0.294499642
46.13	0.317718313
46.14	0.340623433
46.15	0.3631924
46.16	0.385402939
46.17	0.407233133
46.18	0.428661436
46.19	0.449666702
46.2	0.470228202
46.21	0.490325643
46.22	0.509939192
46.23	0.529049492
46.24	0.547637685
46.25	0.565685425
46.26	0.583174902
46.27	0.600088856
46.28	0.616410594
46.29	0.63212401
46.3	0.647213595
46.31	0.661664459
46.32	0.67546234
46.33	0.688593622
46.34	0.701045344
46.35	0.712805219
46.36	0.723861642
46.37	0.734203701
46.38	0.743821189
46.39	0.752704615
46.4	0.760845213
46.41	0.768234949
46.42	0.774866529
46.43	0.78073341
46.44	0.785829801
46.45	0.790150672
46.46	0.793691761
46.47	0.796449572
46.48	0.798421383
46.49	0.799605248
46.5	0.8
46.51	0.799605248
46.52	0.798421383
46.53	0.796449572
46.54	0.793691761
46.55	0.790150672
46.56	0.785829801
46.57	0.78073341
46.58	0.774866529
46.59	0.768234949
46.6	0.760845213
46.61	0.752704615
46.62	0.743821189
46.63	0.734203701
46.64	0.723861642
46.65	0.712805219
46.66	0.701045344
46.67	0.688593622
46.68	0.67546234
46.69	0.661664459
46.7	0.647213595
46.71	0.63212401
46.72	0.616410594
46.73	0.600088856
46.74	0.583174902
46.75	0.565685425
46.76	0.547637685
46.77	0.529049492
46.78	0.509939192
46.79	0.490325643
46.8	0.470228202
46.81	0.449666702
46.82	0.428661436
46.83	0.407233133
46.84	0.385402939
46.85	0.3631924
46.86	0.340623433
46.87	0.317718313
46.88	0.294499642
46.89	0.270990336
46.9	0.247213595
46.91	0.223192885
46.92	0.19895191
46.93	0.174514593
46.94	0.149905052
46.95	0.125147572
46.96	0.100266587
46.97	0.075286651
46.98	0.050232416
46.99	0.025128607
47	-3.91995E-15
47.01	-0.025128607
47.02	-0.050232416
47.03	-0.075286651
47.04	-0.100266587
47.05	-0.125147572
47.06	-0.149905052
47.07	-0.174514593
47.08	-0.19895191
47.09	-0.223192885
47.1	-0.247213595
47.11	-0.270990336
47.12	-0.294499642
47.13	-0.317718313
47.14	-0.340623433
47.15	-0.3631924
47.16	-0.385402939
47.17	-0.407233133
47.18	-0.428661436
47.19	-0.449666702
47.2	-0.470228202
47.21	-0.490325643
47.22	-0.509939192
47.23	-0.529049492
47.24	-0.547637685
47.25	-0.565685425
47.26	-0.583174902
47.27	-0.600088856
47.28	-0.616410594
47.29	-0.63212401
47.3	-0.647213595
47.31	-0.661664459
47.32	-0.67546234
47.33	-0.688593622
47.34	-0.701045344
47.35	-0.712805219
47.36	-0.723861642
47.37	-0.734203701
47.38	-0.743821189
47.39	-0.752704615
47.4	-0.760845213
47.41	-0.768234949
47.42	-0.774866529
47.43	-0.78073341
47.44	-0.785829801
47.45	-0.790150672
47.46	-0.793691761
47.47	-0.796449572
47.48	-0.798421383
47.49	-0.799605248
47.5	-0.8
47.51	-0.799605248
47.52	-0.798421383
47.53	-0.796449572
47.54	-0.793691761
47.55	-0.790150672
47.56	-0.785829801
47.57	-0.78073341
47.58	-0.774866529
47.59	-0.768234949
47.6	-0.760845213
47.61	-0.752704615
47.62	-0.743821189
47.63	-0.734203701
47.64	-0.723861642
47.65	-0.712805219
47.66	-0.701045344
47.67	-0.688593622
47.68	-0.67546234
47.69	-0.661664459
47.7	-0.647213595
47.71	-0.63212401
47.72	-0.616410594
47.73	-0.600088856
47.74	-0.583174902
47.75	-0.565685425
47.76	-0.547637685
47.77	-0.529049492
47.78	-0.509939192
47.79	-0.490325643
47.8	-0.470228202
47.81	-0.449666702
47.82	-0.428661436
47.83	-0.407233133
47.84	-0.385402939
47.85	-0.3631924
47.86	-0.340623433
47.87	-0.317718313
47.88	-0.294499642
47.89	-0.270990336
47.9	-0.247213595
47.91	-0.223192885
47.92	-0.19895191
47.93	-0.174514593
47.94	-0.149905052
47.95	-0.125147572
47.96	-0.100266587
47.97	-0.075286651
47.98	-0.050232416
47.99	-0.025128607
48	-4.70457E-15
48.01	0.025128607
48.02	0.050232416
48.03	0.075286651
48.04	0.100266587
48.05	0.125147572
48.06	0.149905052
48.07	0.174514593
48.08	0.19895191
48.09	0.223192885
48.1	0.247213595
48.11	0.270990336
48.12	0.294499642
48.13	0.317718313
48.14	0.340623433
48.15	0.3631924
48.16	0.385402939
48.17	0.407233133
48.18	0.428661436
48.19	0.449666702
48.2	0.470228202
48.21	0.490325643
48.22	0.509939192
48.23	0.529049492
48.24	0.547637685
48.25	0.565685425
48.26	0.583174902
48.27	0.600088856
48.28	0.616410594
48.29	0.63212401
48.3	0.647213595
48.31	0.661664459
48.32	0.67546234
48.33	0.688593622
48.34	0.701045344
48.35	0.712805219
48.36	0.723861642
48.37	0.734203701
48.38	0.743821189
48.39	0.752704615
48.4	0.760845213
48.41	0.768234949
48.42	0.774866529
48.43	0.78073341
48.44	0.785829801
48.45	0.790150672
48.46	0.793691761
48.47	0.796449572
48.48	0.798421383
48.49	0.799605248
48.5	0.8
48.51	0.799605248
48.52	0.798421383
48.53	0.796449572
48.54	0.793691761
48.55	0.790150672
48.56	0.785829801
48.57	0.78073341
48.58	0.774866529
48.59	0.768234949
48.6	0.760845213
48.61	0.752704615
48.62	0.743821189
48.63	0.734203701
48.64	0.723861642
48.65	0.712805219
48.66	0.701045344
48.67	0.688593622
48.68	0.67546234
48.69	0.661664459
48.7	0.647213595
48.71	0.63212401
48.72	0.616410594
48.73	0.600088856
48.74	0.583174902
48.75	0.565685425
48.76	0.547637685
48.77	0.529049492
48.78	0.509939192
48.79	0.490325643
48.8	0.470228202
48.81	0.449666702
48.82	0.428661436
48.83	0.407233133
48.84	0.385402939
48.85	0.3631924
48.86	0.340623433
48.87	0.317718313
48.88	0.294499642
48.89	0.270990336
48.9	0.247213595
48.91	0.223192885
48.92	0.19895191
48.93	0.174514593
48.94	0.149905052
48.95	0.125147572
48.96	0.100266587
48.97	0.075286651
48.98	0.050232416
48.99	0.025128607
49	1.33291E-14
49.01	-0.025128607
49.02	-0.050232416
49.03	-0.075286651
49.04	-0.100266587
49.05	-0.125147572
49.06	-0.149905052
49.07	-0.174514593
49.08	-0.19895191
49.09	-0.223192885
49.1	-0.247213595
49.11	-0.270990336
49.12	-0.294499642
49.13	-0.317718313
49.14	-0.340623433
49.15	-0.3631924
49.16	-0.385402939
49.17	-0.407233133
49.18	-0.428661436
49.19	-0.449666702
49.2	-0.470228202
49.21	-0.490325643
49.22	-0.509939192
49.23	-0.529049492
49.24	-0.547637685
49.25	-0.565685425
49.26	-0.583174902
49.27	-0.600088856
49.28	-0.616410594
49.29	-0.63212401
49.3	-0.647213595
49.31	-0.661664459
49.32	-0.67546234
49.33	-0.688593622
49.34	-0.701045344
49.35	-0.712805219
49.36	-0.723861642
49.37	-0.734203701
49.38	-0.743821189
49.39	-0.752704615
49.4	-0.760845213
49.41	-0.768234949
49.42	-0.774866529
49.43	-0.78073341
49.44	-0.785829801
49.45	-0.790150672
49.46	-0.793691761
49.47	-0.796449572
49.48	-0.798421383
49.49	-0.799605248
49.5	-0.8
49.51	-0.799605248
49.52	-0.798421383
49.53	-0.796449572
49.54	-0.793691761
49.55	-0.790150672
49.56	-0.785829801
49.57	-0.78073341
49.58	-0.774866529
49.59	-0.768234949
49.6	-0.760845213
49.61	-0.752704615
49.62	-0.743821189
49.63	-0.734203701
49.64	-0.723861642
49.65	-0.712805219
49.66	-0.701045344
49.67	-0.688593622
49.68	-0.67546234
49.69	-0.661664459
49.7	-0.647213595
49.71	-0.63212401
49.72	-0.616410594
49.73	-0.600088856
49.74	-0.583174902
49.75	-0.565685425
49.76	-0.547637685
49.77	-0.529049492
49.78	-0.509939192
49.79	-0.490325643
49.8	-0.470228202
49.81	-0.449666702
49.82	-0.428661436
49.83	-0.407233133
49.84	-0.385402939
49.85	-0.3631924
49.86	-0.340623433
49.87	-0.317718313
49.88	-0.294499642
49.89	-0.270990336
49.9	-0.247213595
49.91	-0.223192885
49.92	-0.19895191
49.93	-0.174514593
49.94	-0.149905052
49.95	-0.125147572
49.96	-0.100266587
49.97	-0.075286651
49.98	-0.050232416
49.99	-0.025128607
50	7.83748E-16
