5001  0.0100000000	
0	0
0.01	0.050232416
0.02	0.100266587
0.03	0.149905052
0.04	0.19895191
0.05	0.247213595
0.06	0.294499642
0.07	0.340623433
0.08	0.385402939
0.09	0.428661436
0.1	0.470228202
0.11	0.509939192
0.12	0.547637685
0.13	0.583174902
0.14	0.616410594
0.15	0.647213595
0.16	0.67546234
0.17	0.701045344
0.18	0.723861642
0.19	0.743821189
0.2	0.760845213
0.21	0.774866529
0.22	0.785829801
0.23	0.793691761
0.24	0.798421383
0.25	0.8
0.26	0.798421383
0.27	0.793691761
0.28	0.785829801
0.29	0.774866529
0.3	0.760845213
0.31	0.743821189
0.32	0.723861642
0.33	0.701045344
0.34	0.67546234
0.35	0.647213595
0.36	0.616410594
0.37	0.583174902
0.38	0.547637685
0.39	0.509939192
0.4	0.470228202
0.41	0.428661436
0.42	0.385402939
0.43	0.340623433
0.44	0.294499642
0.45	0.247213595
0.46	0.19895191
0.47	0.149905052
0.48	0.100266587
0.49	0.050232416
0.5	9.80119E-17
0.51	-0.050232416
0.52	-0.100266587
0.53	-0.149905052
0.54	-0.19895191
0.55	-0.247213595
0.56	-0.294499642
0.57	-0.340623433
0.58	-0.385402939
0.59	-0.428661436
0.6	-0.470228202
0.61	-0.509939192
0.62	-0.547637685
0.63	-0.583174902
0.64	-0.616410594
0.65	-0.647213595
0.66	-0.67546234
0.67	-0.701045344
0.68	-0.723861642
0.69	-0.743821189
0.7	-0.760845213
0.71	-0.774866529
0.72	-0.785829801
0.73	-0.793691761
0.74	-0.798421383
0.75	-0.8
0.76	-0.798421383
0.77	-0.793691761
0.78	-0.785829801
0.79	-0.774866529
0.8	-0.760845213
0.81	-0.743821189
0.82	-0.723861642
0.83	-0.701045344
0.84	-0.67546234
0.85	-0.647213595
0.86	-0.616410594
0.87	-0.583174902
0.88	-0.547637685
0.89	-0.509939192
0.9	-0.470228202
0.91	-0.428661436
0.92	-0.385402939
0.93	-0.340623433
0.94	-0.294499642
0.95	-0.247213595
0.96	-0.19895191
0.97	-0.149905052
0.98	-0.100266587
0.99	-0.050232416
1	-1.96024E-16
1.01	0.050232416
1.02	0.100266587
1.03	0.149905052
1.04	0.19895191
1.05	0.247213595
1.06	0.294499642
1.07	0.340623433
1.08	0.385402939
1.09	0.428661436
1.1	0.470228202
1.11	0.509939192
1.12	0.547637685
1.13	0.583174902
1.14	0.616410594
1.15	0.647213595
1.16	0.67546234
1.17	0.701045344
1.18	0.723861642
1.19	0.743821189
1.2	0.760845213
1.21	0.774866529
1.22	0.785829801
1.23	0.793691761
1.24	0.798421383
1.25	0.8
1.26	0.798421383
1.27	0.793691761
1.28	0.785829801
1.29	0.774866529
1.3	0.760845213
1.31	0.743821189
1.32	0.723861642
1.33	0.701045344
1.34	0.67546234
1.35	0.647213595
1.36	0.616410594
1.37	0.583174902
1.38	0.547637685
1.39	0.509939192
1.4	0.470228202
1.41	0.428661436
1.42	0.385402939
1.43	0.340623433
1.44	0.294499642
1.45	0.247213595
1.46	0.19895191
1.47	0.149905052
1.48	0.100266587
1.49	0.050232416
1.5	2.94036E-16
1.51	-0.050232416
1.52	-0.100266587
1.53	-0.149905052
1.54	-0.19895191
1.55	-0.247213595
1.56	-0.294499642
1.57	-0.340623433
1.58	-0.385402939
1.59	-0.428661436
1.6	-0.470228202
1.61	-0.509939192
1.62	-0.547637685
1.63	-0.583174902
1.64	-0.616410594
1.65	-0.647213595
1.66	-0.67546234
1.67	-0.701045344
1.68	-0.723861642
1.69	-0.743821189
1.7	-0.760845213
1.71	-0.774866529
1.72	-0.785829801
1.73	-0.793691761
1.74	-0.798421383
1.75	-0.8
1.76	-0.798421383
1.77	-0.793691761
1.78	-0.785829801
1.79	-0.774866529
1.8	-0.760845213
1.81	-0.743821189
1.82	-0.723861642
1.83	-0.701045344
1.84	-0.67546234
1.85	-0.647213595
1.86	-0.616410594
1.87	-0.583174902
1.88	-0.547637685
1.89	-0.509939192
1.9	-0.470228202
1.91	-0.428661436
1.92	-0.385402939
1.93	-0.340623433
1.94	-0.294499642
1.95	-0.247213595
1.96	-0.19895191
1.97	-0.149905052
1.98	-0.100266587
1.99	-0.050232416
2	-3.92048E-16
2.01	0.050232416
2.02	0.100266587
2.03	0.149905052
2.04	0.19895191
2.05	0.247213595
2.06	0.294499642
2.07	0.340623433
2.08	0.385402939
2.09	0.428661436
2.1	0.470228202
2.11	0.509939192
2.12	0.547637685
2.13	0.583174902
2.14	0.616410594
2.15	0.647213595
2.16	0.67546234
2.17	0.701045344
2.18	0.723861642
2.19	0.743821189
2.2	0.760845213
2.21	0.774866529
2.22	0.785829801
2.23	0.793691761
2.24	0.798421383
2.25	0.8
2.26	0.798421383
2.27	0.793691761
2.28	0.785829801
2.29	0.774866529
2.3	0.760845213
2.31	0.743821189
2.32	0.723861642
2.33	0.701045344
2.34	0.67546234
2.35	0.647213595
2.36	0.616410594
2.37	0.583174902
2.38	0.547637685
2.39	0.509939192
2.4	0.470228202
2.41	0.428661436
2.42	0.385402939
2.43	0.340623433
2.44	0.294499642
2.45	0.247213595
2.46	0.19895191
2.47	0.149905052
2.48	0.100266587
2.49	0.050232416
2.5	4.90059E-16
2.51	-0.050232416
2.52	-0.100266587
2.53	-0.149905052
2.54	-0.19895191
2.55	-0.247213595
2.56	-0.294499642
2.57	-0.340623433
2.58	-0.385402939
2.59	-0.428661436
2.6	-0.470228202
2.61	-0.509939192
2.62	-0.547637685
2.63	-0.583174902
2.64	-0.616410594
2.65	-0.647213595
2.66	-0.67546234
2.67	-0.701045344
2.68	-0.723861642
2.69	-0.743821189
2.7	-0.760845213
2.71	-0.774866529
2.72	-0.785829801
2.73	-0.793691761
2.74	-0.798421383
2.75	-0.8
2.76	-0.798421383
2.77	-0.793691761
2.78	-0.785829801
2.79	-0.774866529
2.8	-0.760845213
2.81	-0.743821189
2.82	-0.723861642
2.83	-0.701045344
2.84	-0.67546234
2.85	-0.647213595
2.86	-0.616410594
2.87	-0.583174902
2.88	-0.547637685
2.89	-0.509939192
2.9	-0.470228202
2.91	-0.428661436
2.92	-0.385402939
2.93	-0.340623433
2.94	-0.294499642
2.95	-0.247213595
2.96	-0.19895191
2.97	-0.149905052
2.98	-0.100266587
2.99	-0.050232416
3	-5.88071E-16
3.01	0.050232416
3.02	0.100266587
3.03	0.149905052
3.04	0.19895191
3.05	0.247213595
3.06	0.294499642
3.07	0.340623433
3.08	0.385402939
3.09	0.428661436
3.1	0.470228202
3.11	0.509939192
3.12	0.547637685
3.13	0.583174902
3.14	0.616410594
3.15	0.647213595
3.16	0.67546234
3.17	0.701045344
3.18	0.723861642
3.19	0.743821189
3.2	0.760845213
3.21	0.774866529
3.22	0.785829801
3.23	0.793691761
3.24	0.798421383
3.25	0.8
3.26	0.798421383
3.27	0.793691761
3.28	0.785829801
3.29	0.774866529
3.3	0.760845213
3.31	0.743821189
3.32	0.723861642
3.33	0.701045344
3.34	0.67546234
3.35	0.647213595
3.36	0.616410594
3.37	0.583174902
3.38	0.547637685
3.39	0.509939192
3.4	0.470228202
3.41	0.428661436
3.42	0.385402939
3.43	0.340623433
3.44	0.294499642
3.45	0.247213595
3.46	0.19895191
3.47	0.149905052
3.48	0.100266587
3.49	0.050232416
3.5	6.86083E-16
3.51	-0.050232416
3.52	-0.100266587
3.53	-0.149905052
3.54	-0.19895191
3.55	-0.247213595
3.56	-0.294499642
3.57	-0.340623433
3.58	-0.385402939
3.59	-0.428661436
3.6	-0.470228202
3.61	-0.509939192
3.62	-0.547637685
3.63	-0.583174902
3.64	-0.616410594
3.65	-0.647213595
3.66	-0.67546234
3.67	-0.701045344
3.68	-0.723861642
3.69	-0.743821189
3.7	-0.760845213
3.71	-0.774866529
3.72	-0.785829801
3.73	-0.793691761
3.74	-0.798421383
3.75	-0.8
3.76	-0.798421383
3.77	-0.793691761
3.78	-0.785829801
3.79	-0.774866529
3.8	-0.760845213
3.81	-0.743821189
3.82	-0.723861642
3.83	-0.701045344
3.84	-0.67546234
3.85	-0.647213595
3.86	-0.616410594
3.87	-0.583174902
3.88	-0.547637685
3.89	-0.509939192
3.9	-0.470228202
3.91	-0.428661436
3.92	-0.385402939
3.93	-0.340623433
3.94	-0.294499642
3.95	-0.247213595
3.96	-0.19895191
3.97	-0.149905052
3.98	-0.100266587
3.99	-0.050232416
4	-7.84095E-16
4.01	0.050232416
4.02	0.100266587
4.03	0.149905052
4.04	0.19895191
4.05	0.247213595
4.06	0.294499642
4.07	0.340623433
4.08	0.385402939
4.09	0.428661436
4.1	0.470228202
4.11	0.509939192
4.12	0.547637685
4.13	0.583174902
4.14	0.616410594
4.15	0.647213595
4.16	0.67546234
4.17	0.701045344
4.18	0.723861642
4.19	0.743821189
4.2	0.760845213
4.21	0.774866529
4.22	0.785829801
4.23	0.793691761
4.24	0.798421383
4.25	0.8
4.26	0.798421383
4.27	0.793691761
4.28	0.785829801
4.29	0.774866529
4.3	0.760845213
4.31	0.743821189
4.32	0.723861642
4.33	0.701045344
4.34	0.67546234
4.35	0.647213595
4.36	0.616410594
4.37	0.583174902
4.38	0.547637685
4.39	0.509939192
4.4	0.470228202
4.41	0.428661436
4.42	0.385402939
4.43	0.340623433
4.44	0.294499642
4.45	0.247213595
4.46	0.19895191
4.47	0.149905052
4.48	0.100266587
4.49	0.050232416
4.5	8.82107E-16
4.51	-0.050232416
4.52	-0.100266587
4.53	-0.149905052
4.54	-0.19895191
4.55	-0.247213595
4.56	-0.294499642
4.57	-0.340623433
4.58	-0.385402939
4.59	-0.428661436
4.6	-0.470228202
4.61	-0.509939192
4.62	-0.547637685
4.63	-0.583174902
4.64	-0.616410594
4.65	-0.647213595
4.66	-0.67546234
4.67	-0.701045344
4.68	-0.723861642
4.69	-0.743821189
4.7	-0.760845213
4.71	-0.774866529
4.72	-0.785829801
4.73	-0.793691761
4.74	-0.798421383
4.75	-0.8
4.76	-0.798421383
4.77	-0.793691761
4.78	-0.785829801
4.79	-0.774866529
4.8	-0.760845213
4.81	-0.743821189
4.82	-0.723861642
4.83	-0.701045344
4.84	-0.67546234
4.85	-0.647213595
4.86	-0.616410594
4.87	-0.583174902
4.88	-0.547637685
4.89	-0.509939192
4.9	-0.470228202
4.91	-0.428661436
4.92	-0.385402939
4.93	-0.340623433
4.94	-0.294499642
4.95	-0.247213595
4.96	-0.19895191
4.97	-0.149905052
4.98	-0.100266587
4.99	-0.050232416
5	-9.80119E-16
5.01	0.050232416
5.02	0.100266587
5.03	0.149905052
5.04	0.19895191
5.05	0.247213595
5.06	0.294499642
5.07	0.340623433
5.08	0.385402939
5.09	0.428661436
5.1	0.470228202
5.11	0.509939192
5.12	0.547637685
5.13	0.583174902
5.14	0.616410594
5.15	0.647213595
5.16	0.67546234
5.17	0.701045344
5.18	0.723861642
5.19	0.743821189
5.2	0.760845213
5.21	0.774866529
5.22	0.785829801
5.23	0.793691761
5.24	0.798421383
5.25	0.8
5.26	0.798421383
5.27	0.793691761
5.28	0.785829801
5.29	0.774866529
5.3	0.760845213
5.31	0.743821189
5.32	0.723861642
5.33	0.701045344
5.34	0.67546234
5.35	0.647213595
5.36	0.616410594
5.37	0.583174902
5.38	0.547637685
5.39	0.509939192
5.4	0.470228202
5.41	0.428661436
5.42	0.385402939
5.43	0.340623433
5.44	0.294499642
5.45	0.247213595
5.46	0.19895191
5.47	0.149905052
5.48	0.100266587
5.49	0.050232416
5.5	3.9203E-15
5.51	-0.050232416
5.52	-0.100266587
5.53	-0.149905052
5.54	-0.19895191
5.55	-0.247213595
5.56	-0.294499642
5.57	-0.340623433
5.58	-0.385402939
5.59	-0.428661436
5.6	-0.470228202
5.61	-0.509939192
5.62	-0.547637685
5.63	-0.583174902
5.64	-0.616410594
5.65	-0.647213595
5.66	-0.67546234
5.67	-0.701045344
5.68	-0.723861642
5.69	-0.743821189
5.7	-0.760845213
5.71	-0.774866529
5.72	-0.785829801
5.73	-0.793691761
5.74	-0.798421383
5.75	-0.8
5.76	-0.798421383
5.77	-0.793691761
5.78	-0.785829801
5.79	-0.774866529
5.8	-0.760845213
5.81	-0.743821189
5.82	-0.723861642
5.83	-0.701045344
5.84	-0.67546234
5.85	-0.647213595
5.86	-0.616410594
5.87	-0.583174902
5.88	-0.547637685
5.89	-0.509939192
5.9	-0.470228202
5.91	-0.428661436
5.92	-0.385402939
5.93	-0.340623433
5.94	-0.294499642
5.95	-0.247213595
5.96	-0.19895191
5.97	-0.149905052
5.98	-0.100266587
5.99	-0.050232416
6	-1.17614E-15
6.01	0.050232416
6.02	0.100266587
6.03	0.149905052
6.04	0.19895191
6.05	0.247213595
6.06	0.294499642
6.07	0.340623433
6.08	0.385402939
6.09	0.428661436
6.1	0.470228202
6.11	0.509939192
6.12	0.547637685
6.13	0.583174902
6.14	0.616410594
6.15	0.647213595
6.16	0.67546234
6.17	0.701045344
6.18	0.723861642
6.19	0.743821189
6.2	0.760845213
6.21	0.774866529
6.22	0.785829801
6.23	0.793691761
6.24	0.798421383
6.25	0.8
6.26	0.798421383
6.27	0.793691761
6.28	0.785829801
6.29	0.774866529
6.3	0.760845213
6.31	0.743821189
6.32	0.723861642
6.33	0.701045344
6.34	0.67546234
6.35	0.647213595
6.36	0.616410594
6.37	0.583174902
6.38	0.547637685
6.39	0.509939192
6.4	0.470228202
6.41	0.428661436
6.42	0.385402939
6.43	0.340623433
6.44	0.294499642
6.45	0.247213595
6.46	0.19895191
6.47	0.149905052
6.48	0.100266587
6.49	0.050232416
6.5	-1.56802E-15
6.51	-0.050232416
6.52	-0.100266587
6.53	-0.149905052
6.54	-0.19895191
6.55	-0.247213595
6.56	-0.294499642
6.57	-0.340623433
6.58	-0.385402939
6.59	-0.428661436
6.6	-0.470228202
6.61	-0.509939192
6.62	-0.547637685
6.63	-0.583174902
6.64	-0.616410594
6.65	-0.647213595
6.66	-0.67546234
6.67	-0.701045344
6.68	-0.723861642
6.69	-0.743821189
6.7	-0.760845213
6.71	-0.774866529
6.72	-0.785829801
6.73	-0.793691761
6.74	-0.798421383
6.75	-0.8
6.76	-0.798421383
6.77	-0.793691761
6.78	-0.785829801
6.79	-0.774866529
6.8	-0.760845213
6.81	-0.743821189
6.82	-0.723861642
6.83	-0.701045344
6.84	-0.67546234
6.85	-0.647213595
6.86	-0.616410594
6.87	-0.583174902
6.88	-0.547637685
6.89	-0.509939192
6.9	-0.470228202
6.91	-0.428661436
6.92	-0.385402939
6.93	-0.340623433
6.94	-0.294499642
6.95	-0.247213595
6.96	-0.19895191
6.97	-0.149905052
6.98	-0.100266587
6.99	-0.050232416
7	-1.37217E-15
7.01	0.050232416
7.02	0.100266587
7.03	0.149905052
7.04	0.19895191
7.05	0.247213595
7.06	0.294499642
7.07	0.340623433
7.08	0.385402939
7.09	0.428661436
7.1	0.470228202
7.11	0.509939192
7.12	0.547637685
7.13	0.583174902
7.14	0.616410594
7.15	0.647213595
7.16	0.67546234
7.17	0.701045344
7.18	0.723861642
7.19	0.743821189
7.2	0.760845213
7.21	0.774866529
7.22	0.785829801
7.23	0.793691761
7.24	0.798421383
7.25	0.8
7.26	0.798421383
7.27	0.793691761
7.28	0.785829801
7.29	0.774866529
7.3	0.760845213
7.31	0.743821189
7.32	0.723861642
7.33	0.701045344
7.34	0.67546234
7.35	0.647213595
7.36	0.616410594
7.37	0.583174902
7.38	0.547637685
7.39	0.509939192
7.4	0.470228202
7.41	0.428661436
7.42	0.385402939
7.43	0.340623433
7.44	0.294499642
7.45	0.247213595
7.46	0.19895191
7.47	0.149905052
7.48	0.100266587
7.49	0.050232416
7.5	4.31235E-15
7.51	-0.050232416
7.52	-0.100266587
7.53	-0.149905052
7.54	-0.19895191
7.55	-0.247213595
7.56	-0.294499642
7.57	-0.340623433
7.58	-0.385402939
7.59	-0.428661436
7.6	-0.470228202
7.61	-0.509939192
7.62	-0.547637685
7.63	-0.583174902
7.64	-0.616410594
7.65	-0.647213595
7.66	-0.67546234
7.67	-0.701045344
7.68	-0.723861642
7.69	-0.743821189
7.7	-0.760845213
7.71	-0.774866529
7.72	-0.785829801
7.73	-0.793691761
7.74	-0.798421383
7.75	-0.8
7.76	-0.798421383
7.77	-0.793691761
7.78	-0.785829801
7.79	-0.774866529
7.8	-0.760845213
7.81	-0.743821189
7.82	-0.723861642
7.83	-0.701045344
7.84	-0.67546234
7.85	-0.647213595
7.86	-0.616410594
7.87	-0.583174902
7.88	-0.547637685
7.89	-0.509939192
7.9	-0.470228202
7.91	-0.428661436
7.92	-0.385402939
7.93	-0.340623433
7.94	-0.294499642
7.95	-0.247213595
7.96	-0.19895191
7.97	-0.149905052
7.98	-0.100266587
7.99	-0.050232416
8	-1.56819E-15
8.01	0.050232416
8.02	0.100266587
8.03	0.149905052
8.04	0.19895191
8.05	0.247213595
8.06	0.294499642
8.07	0.340623433
8.08	0.385402939
8.09	0.428661436
8.1	0.470228202
8.11	0.509939192
8.12	0.547637685
8.13	0.583174902
8.14	0.616410594
8.15	0.647213595
8.16	0.67546234
8.17	0.701045344
8.18	0.723861642
8.19	0.743821189
8.2	0.760845213
8.21	0.774866529
8.22	0.785829801
8.23	0.793691761
8.24	0.798421383
8.25	0.8
8.26	0.798421383
8.27	0.793691761
8.28	0.785829801
8.29	0.774866529
8.3	0.760845213
8.31	0.743821189
8.32	0.723861642
8.33	0.701045344
8.34	0.67546234
8.35	0.647213595
8.36	0.616410594
8.37	0.583174902
8.38	0.547637685
8.39	0.509939192
8.4	0.470228202
8.41	0.428661436
8.42	0.385402939
8.43	0.340623433
8.44	0.294499642
8.45	0.247213595
8.46	0.19895191
8.47	0.149905052
8.48	0.100266587
8.49	0.050232416
8.5	-1.17597E-15
8.51	-0.050232416
8.52	-0.100266587
8.53	-0.149905052
8.54	-0.19895191
8.55	-0.247213595
8.56	-0.294499642
8.57	-0.340623433
8.58	-0.385402939
8.59	-0.428661436
8.6	-0.470228202
8.61	-0.509939192
8.62	-0.547637685
8.63	-0.583174902
8.64	-0.616410594
8.65	-0.647213595
8.66	-0.67546234
8.67	-0.701045344
8.68	-0.723861642
8.69	-0.743821189
8.7	-0.760845213
8.71	-0.774866529
8.72	-0.785829801
8.73	-0.793691761
8.74	-0.798421383
8.75	-0.8
8.76	-0.798421383
8.77	-0.793691761
8.78	-0.785829801
8.79	-0.774866529
8.8	-0.760845213
8.81	-0.743821189
8.82	-0.723861642
8.83	-0.701045344
8.84	-0.67546234
8.85	-0.647213595
8.86	-0.616410594
8.87	-0.583174902
8.88	-0.547637685
8.89	-0.509939192
8.9	-0.470228202
8.91	-0.428661436
8.92	-0.385402939
8.93	-0.340623433
8.94	-0.294499642
8.95	-0.247213595
8.96	-0.19895191
8.97	-0.149905052
8.98	-0.100266587
8.99	-0.050232416
9	-1.76421E-15
9.01	0.050232416
9.02	0.100266587
9.03	0.149905052
9.04	0.19895191
9.05	0.247213595
9.06	0.294499642
9.07	0.340623433
9.08	0.385402939
9.09	0.428661436
9.1	0.470228202
9.11	0.509939192
9.12	0.547637685
9.13	0.583174902
9.14	0.616410594
9.15	0.647213595
9.16	0.67546234
9.17	0.701045344
9.18	0.723861642
9.19	0.743821189
9.2	0.760845213
9.21	0.774866529
9.22	0.785829801
9.23	0.793691761
9.24	0.798421383
9.25	0.8
9.26	0.798421383
9.27	0.793691761
9.28	0.785829801
9.29	0.774866529
9.3	0.760845213
9.31	0.743821189
9.32	0.723861642
9.33	0.701045344
9.34	0.67546234
9.35	0.647213595
9.36	0.616410594
9.37	0.583174902
9.38	0.547637685
9.39	0.509939192
9.4	0.470228202
9.41	0.428661436
9.42	0.385402939
9.43	0.340623433
9.44	0.294499642
9.45	0.247213595
9.46	0.19895191
9.47	0.149905052
9.48	0.100266587
9.49	0.050232416
9.5	4.7044E-15
9.51	-0.050232416
9.52	-0.100266587
9.53	-0.149905052
9.54	-0.19895191
9.55	-0.247213595
9.56	-0.294499642
9.57	-0.340623433
9.58	-0.385402939
9.59	-0.428661436
9.6	-0.470228202
9.61	-0.509939192
9.62	-0.547637685
9.63	-0.583174902
9.64	-0.616410594
9.65	-0.647213595
9.66	-0.67546234
9.67	-0.701045344
9.68	-0.723861642
9.69	-0.743821189
9.7	-0.760845213
9.71	-0.774866529
9.72	-0.785829801
9.73	-0.793691761
9.74	-0.798421383
9.75	-0.8
9.76	-0.798421383
9.77	-0.793691761
9.78	-0.785829801
9.79	-0.774866529
9.8	-0.760845213
9.81	-0.743821189
9.82	-0.723861642
9.83	-0.701045344
9.84	-0.67546234
9.85	-0.647213595
9.86	-0.616410594
9.87	-0.583174902
9.88	-0.547637685
9.89	-0.509939192
9.9	-0.470228202
9.91	-0.428661436
9.92	-0.385402939
9.93	-0.340623433
9.94	-0.294499642
9.95	-0.247213595
9.96	-0.19895191
9.97	-0.149905052
9.98	-0.100266587
9.99	-0.050232416
10	-1.96024E-15
10.01	0.050232416
10.02	0.100266587
10.03	0.149905052
10.04	0.19895191
10.05	0.247213595
10.06	0.294499642
10.07	0.340623433
10.08	0.385402939
10.09	0.428661436
10.1	0.470228202
10.11	0.509939192
10.12	0.547637685
10.13	0.583174902
10.14	0.616410594
10.15	0.647213595
10.16	0.67546234
10.17	0.701045344
10.18	0.723861642
10.19	0.743821189
10.2	0.760845213
10.21	0.774866529
10.22	0.785829801
10.23	0.793691761
10.24	0.798421383
10.25	0.8
10.26	0.798421383
10.27	0.793691761
10.28	0.785829801
10.29	0.774866529
10.3	0.760845213
10.31	0.743821189
10.32	0.723861642
10.33	0.701045344
10.34	0.67546234
10.35	0.647213595
10.36	0.616410594
10.37	0.583174902
10.38	0.547637685
10.39	0.509939192
10.4	0.470228202
10.41	0.428661436
10.42	0.385402939
10.43	0.340623433
10.44	0.294499642
10.45	0.247213595
10.46	0.19895191
10.47	0.149905052
10.48	0.100266587
10.49	0.050232416
10.5	-7.83922E-16
10.51	-0.050232416
10.52	-0.100266587
10.53	-0.149905052
10.54	-0.19895191
10.55	-0.247213595
10.56	-0.294499642
10.57	-0.340623433
10.58	-0.385402939
10.59	-0.428661436
10.6	-0.470228202
10.61	-0.509939192
10.62	-0.547637685
10.63	-0.583174902
10.64	-0.616410594
10.65	-0.647213595
10.66	-0.67546234
10.67	-0.701045344
10.68	-0.723861642
10.69	-0.743821189
10.7	-0.760845213
10.71	-0.774866529
10.72	-0.785829801
10.73	-0.793691761
10.74	-0.798421383
10.75	-0.8
10.76	-0.798421383
10.77	-0.793691761
10.78	-0.785829801
10.79	-0.774866529
10.8	-0.760845213
10.81	-0.743821189
10.82	-0.723861642
10.83	-0.701045344
10.84	-0.67546234
10.85	-0.647213595
10.86	-0.616410594
10.87	-0.583174902
10.88	-0.547637685
10.89	-0.509939192
10.9	-0.470228202
10.91	-0.428661436
10.92	-0.385402939
10.93	-0.340623433
10.94	-0.294499642
10.95	-0.247213595
10.96	-0.19895191
10.97	-0.149905052
10.98	-0.100266587
10.99	-0.050232416
11	-7.8406E-15
11.01	0.050232416
11.02	0.100266587
11.03	0.149905052
11.04	0.19895191
11.05	0.247213595
11.06	0.294499642
11.07	0.340623433
11.08	0.385402939
11.09	0.428661436
11.1	0.470228202
11.11	0.509939192
11.12	0.547637685
11.13	0.583174902
11.14	0.616410594
11.15	0.647213595
11.16	0.67546234
11.17	0.701045344
11.18	0.723861642
11.19	0.743821189
11.2	0.760845213
11.21	0.774866529
11.22	0.785829801
11.23	0.793691761
11.24	0.798421383
11.25	0.8
11.26	0.798421383
11.27	0.793691761
11.28	0.785829801
11.29	0.774866529
11.3	0.760845213
11.31	0.743821189
11.32	0.723861642
11.33	0.701045344
11.34	0.67546234
11.35	0.647213595
11.36	0.616410594
11.37	0.583174902
11.38	0.547637685
11.39	0.509939192
11.4	0.470228202
11.41	0.428661436
11.42	0.385402939
11.43	0.340623433
11.44	0.294499642
11.45	0.247213595
11.46	0.19895191
11.47	0.149905052
11.48	0.100266587
11.49	0.050232416
11.5	5.09644E-15
11.51	-0.050232416
11.52	-0.100266587
11.53	-0.149905052
11.54	-0.19895191
11.55	-0.247213595
11.56	-0.294499642
11.57	-0.340623433
11.58	-0.385402939
11.59	-0.428661436
11.6	-0.470228202
11.61	-0.509939192
11.62	-0.547637685
11.63	-0.583174902
11.64	-0.616410594
11.65	-0.647213595
11.66	-0.67546234
11.67	-0.701045344
11.68	-0.723861642
11.69	-0.743821189
11.7	-0.760845213
11.71	-0.774866529
11.72	-0.785829801
11.73	-0.793691761
11.74	-0.798421383
11.75	-0.8
11.76	-0.798421383
11.77	-0.793691761
11.78	-0.785829801
11.79	-0.774866529
11.8	-0.760845213
11.81	-0.743821189
11.82	-0.723861642
11.83	-0.701045344
11.84	-0.67546234
11.85	-0.647213595
11.86	-0.616410594
11.87	-0.583174902
11.88	-0.547637685
11.89	-0.509939192
11.9	-0.470228202
11.91	-0.428661436
11.92	-0.385402939
11.93	-0.340623433
11.94	-0.294499642
11.95	-0.247213595
11.96	-0.19895191
11.97	-0.149905052
11.98	-0.100266587
11.99	-0.050232416
12	-2.35229E-15
12.01	0.050232416
12.02	0.100266587
12.03	0.149905052
12.04	0.19895191
12.05	0.247213595
12.06	0.294499642
12.07	0.340623433
12.08	0.385402939
12.09	0.428661436
12.1	0.470228202
12.11	0.509939192
12.12	0.547637685
12.13	0.583174902
12.14	0.616410594
12.15	0.647213595
12.16	0.67546234
12.17	0.701045344
12.18	0.723861642
12.19	0.743821189
12.2	0.760845213
12.21	0.774866529
12.22	0.785829801
12.23	0.793691761
12.24	0.798421383
12.25	0.8
12.26	0.798421383
12.27	0.793691761
12.28	0.785829801
12.29	0.774866529
12.3	0.760845213
12.31	0.743821189
12.32	0.723861642
12.33	0.701045344
12.34	0.67546234
12.35	0.647213595
12.36	0.616410594
12.37	0.583174902
12.38	0.547637685
12.39	0.509939192
12.4	0.470228202
12.41	0.428661436
12.42	0.385402939
12.43	0.340623433
12.44	0.294499642
12.45	0.247213595
12.46	0.19895191
12.47	0.149905052
12.48	0.100266587
12.49	0.050232416
12.5	-3.91874E-16
12.51	-0.050232416
12.52	-0.100266587
12.53	-0.149905052
12.54	-0.19895191
12.55	-0.247213595
12.56	-0.294499642
12.57	-0.340623433
12.58	-0.385402939
12.59	-0.428661436
12.6	-0.470228202
12.61	-0.509939192
12.62	-0.547637685
12.63	-0.583174902
12.64	-0.616410594
12.65	-0.647213595
12.66	-0.67546234
12.67	-0.701045344
12.68	-0.723861642
12.69	-0.743821189
12.7	-0.760845213
12.71	-0.774866529
12.72	-0.785829801
12.73	-0.793691761
12.74	-0.798421383
12.75	-0.8
12.76	-0.798421383
12.77	-0.793691761
12.78	-0.785829801
12.79	-0.774866529
12.8	-0.760845213
12.81	-0.743821189
12.82	-0.723861642
12.83	-0.701045344
12.84	-0.67546234
12.85	-0.647213595
12.86	-0.616410594
12.87	-0.583174902
12.88	-0.547637685
12.89	-0.509939192
12.9	-0.470228202
12.91	-0.428661436
12.92	-0.385402939
12.93	-0.340623433
12.94	-0.294499642
12.95	-0.247213595
12.96	-0.19895191
12.97	-0.149905052
12.98	-0.100266587
12.99	-0.050232416
13	3.13603E-15
13.01	0.050232416
13.02	0.100266587
13.03	0.149905052
13.04	0.19895191
13.05	0.247213595
13.06	0.294499642
13.07	0.340623433
13.08	0.385402939
13.09	0.428661436
13.1	0.470228202
13.11	0.509939192
13.12	0.547637685
13.13	0.583174902
13.14	0.616410594
13.15	0.647213595
13.16	0.67546234
13.17	0.701045344
13.18	0.723861642
13.19	0.743821189
13.2	0.760845213
13.21	0.774866529
13.22	0.785829801
13.23	0.793691761
13.24	0.798421383
13.25	0.8
13.26	0.798421383
13.27	0.793691761
13.28	0.785829801
13.29	0.774866529
13.3	0.760845213
13.31	0.743821189
13.32	0.723861642
13.33	0.701045344
13.34	0.67546234
13.35	0.647213595
13.36	0.616410594
13.37	0.583174902
13.38	0.547637685
13.39	0.509939192
13.4	0.470228202
13.41	0.428661436
13.42	0.385402939
13.43	0.340623433
13.44	0.294499642
13.45	0.247213595
13.46	0.19895191
13.47	0.149905052
13.48	0.100266587
13.49	0.050232416
13.5	5.48849E-15
13.51	-0.050232416
13.52	-0.100266587
13.53	-0.149905052
13.54	-0.19895191
13.55	-0.247213595
13.56	-0.294499642
13.57	-0.340623433
13.58	-0.385402939
13.59	-0.428661436
13.6	-0.470228202
13.61	-0.509939192
13.62	-0.547637685
13.63	-0.583174902
13.64	-0.616410594
13.65	-0.647213595
13.66	-0.67546234
13.67	-0.701045344
13.68	-0.723861642
13.69	-0.743821189
13.7	-0.760845213
13.71	-0.774866529
13.72	-0.785829801
13.73	-0.793691761
13.74	-0.798421383
13.75	-0.8
13.76	-0.798421383
13.77	-0.793691761
13.78	-0.785829801
13.79	-0.774866529
13.8	-0.760845213
13.81	-0.743821189
13.82	-0.723861642
13.83	-0.701045344
13.84	-0.67546234
13.85	-0.647213595
13.86	-0.616410594
13.87	-0.583174902
13.88	-0.547637685
13.89	-0.509939192
13.9	-0.470228202
13.91	-0.428661436
13.92	-0.385402939
13.93	-0.340623433
13.94	-0.294499642
13.95	-0.247213595
13.96	-0.19895191
13.97	-0.149905052
13.98	-0.100266587
13.99	-0.050232416
14	-2.74433E-15
14.01	0.050232416
14.02	0.100266587
14.03	0.149905052
14.04	0.19895191
14.05	0.247213595
14.06	0.294499642
14.07	0.340623433
14.08	0.385402939
14.09	0.428661436
14.1	0.470228202
14.11	0.509939192
14.12	0.547637685
14.13	0.583174902
14.14	0.616410594
14.15	0.647213595
14.16	0.67546234
14.17	0.701045344
14.18	0.723861642
14.19	0.743821189
14.2	0.760845213
14.21	0.774866529
14.22	0.785829801
14.23	0.793691761
14.24	0.798421383
14.25	0.8
14.26	0.798421383
14.27	0.793691761
14.28	0.785829801
14.29	0.774866529
14.3	0.760845213
14.31	0.743821189
14.32	0.723861642
14.33	0.701045344
14.34	0.67546234
14.35	0.647213595
14.36	0.616410594
14.37	0.583174902
14.38	0.547637685
14.39	0.509939192
14.4	0.470228202
14.41	0.428661436
14.42	0.385402939
14.43	0.340623433
14.44	0.294499642
14.45	0.247213595
14.46	0.19895191
14.47	0.149905052
14.48	0.100266587
14.49	0.050232416
14.5	1.73472E-19
14.51	-0.050232416
14.52	-0.100266587
14.53	-0.149905052
14.54	-0.19895191
14.55	-0.247213595
14.56	-0.294499642
14.57	-0.340623433
14.58	-0.385402939
14.59	-0.428661436
14.6	-0.470228202
14.61	-0.509939192
14.62	-0.547637685
14.63	-0.583174902
14.64	-0.616410594
14.65	-0.647213595
14.66	-0.67546234
14.67	-0.701045344
14.68	-0.723861642
14.69	-0.743821189
14.7	-0.760845213
14.71	-0.774866529
14.72	-0.785829801
14.73	-0.793691761
14.74	-0.798421383
14.75	-0.8
14.76	-0.798421383
14.77	-0.793691761
14.78	-0.785829801
14.79	-0.774866529
14.8	-0.760845213
14.81	-0.743821189
14.82	-0.723861642
14.83	-0.701045344
14.84	-0.67546234
14.85	-0.647213595
14.86	-0.616410594
14.87	-0.583174902
14.88	-0.547637685
14.89	-0.509939192
14.9	-0.470228202
14.91	-0.428661436
14.92	-0.385402939
14.93	-0.340623433
14.94	-0.294499642
14.95	-0.247213595
14.96	-0.19895191
14.97	-0.149905052
14.98	-0.100266587
14.99	-0.050232416
15	-8.6247E-15
15.01	0.050232416
15.02	0.100266587
15.03	0.149905052
15.04	0.19895191
15.05	0.247213595
15.06	0.294499642
15.07	0.340623433
15.08	0.385402939
15.09	0.428661436
15.1	0.470228202
15.11	0.509939192
15.12	0.547637685
15.13	0.583174902
15.14	0.616410594
15.15	0.647213595
15.16	0.67546234
15.17	0.701045344
15.18	0.723861642
15.19	0.743821189
15.2	0.760845213
15.21	0.774866529
15.22	0.785829801
15.23	0.793691761
15.24	0.798421383
15.25	0.8
15.26	0.798421383
15.27	0.793691761
15.28	0.785829801
15.29	0.774866529
15.3	0.760845213
15.31	0.743821189
15.32	0.723861642
15.33	0.701045344
15.34	0.67546234
15.35	0.647213595
15.36	0.616410594
15.37	0.583174902
15.38	0.547637685
15.39	0.509939192
15.4	0.470228202
15.41	0.428661436
15.42	0.385402939
15.43	0.340623433
15.44	0.294499642
15.45	0.247213595
15.46	0.19895191
15.47	0.149905052
15.48	0.100266587
15.49	0.050232416
15.5	5.88054E-15
15.51	-0.050232416
15.52	-0.100266587
15.53	-0.149905052
15.54	-0.19895191
15.55	-0.247213595
15.56	-0.294499642
15.57	-0.340623433
15.58	-0.385402939
15.59	-0.428661436
15.6	-0.470228202
15.61	-0.509939192
15.62	-0.547637685
15.63	-0.583174902
15.64	-0.616410594
15.65	-0.647213595
15.66	-0.67546234
15.67	-0.701045344
15.68	-0.723861642
15.69	-0.743821189
15.7	-0.760845213
15.71	-0.774866529
15.72	-0.785829801
15.73	-0.793691761
15.74	-0.798421383
15.75	-0.8
15.76	-0.798421383
15.77	-0.793691761
15.78	-0.785829801
15.79	-0.774866529
15.8	-0.760845213
15.81	-0.743821189
15.82	-0.723861642
15.83	-0.701045344
15.84	-0.67546234
15.85	-0.647213595
15.86	-0.616410594
15.87	-0.583174902
15.88	-0.547637685
15.89	-0.509939192
15.9	-0.470228202
15.91	-0.428661436
15.92	-0.385402939
15.93	-0.340623433
15.94	-0.294499642
15.95	-0.247213595
15.96	-0.19895191
15.97	-0.149905052
15.98	-0.100266587
15.99	-0.050232416
16	-3.13638E-15
16.01	0.050232416
16.02	0.100266587
16.03	0.149905052
16.04	0.19895191
16.05	0.247213595
16.06	0.294499642
16.07	0.340623433
16.08	0.385402939
16.09	0.428661436
16.1	0.470228202
16.11	0.509939192
16.12	0.547637685
16.13	0.583174902
16.14	0.616410594
16.15	0.647213595
16.16	0.67546234
16.17	0.701045344
16.18	0.723861642
16.19	0.743821189
16.2	0.760845213
16.21	0.774866529
16.22	0.785829801
16.23	0.793691761
16.24	0.798421383
16.25	0.8
16.26	0.798421383
16.27	0.793691761
16.28	0.785829801
16.29	0.774866529
16.3	0.760845213
16.31	0.743821189
16.32	0.723861642
16.33	0.701045344
16.34	0.67546234
16.35	0.647213595
16.36	0.616410594
16.37	0.583174902
16.38	0.547637685
16.39	0.509939192
16.4	0.470228202
16.41	0.428661436
16.42	0.385402939
16.43	0.340623433
16.44	0.294499642
16.45	0.247213595
16.46	0.19895191
16.47	0.149905052
16.48	0.100266587
16.49	0.050232416
16.5	3.92221E-16
16.51	-0.050232416
16.52	-0.100266587
16.53	-0.149905052
16.54	-0.19895191
16.55	-0.247213595
16.56	-0.294499642
16.57	-0.340623433
16.58	-0.385402939
16.59	-0.428661436
16.6	-0.470228202
16.61	-0.509939192
16.62	-0.547637685
16.63	-0.583174902
16.64	-0.616410594
16.65	-0.647213595
16.66	-0.67546234
16.67	-0.701045344
16.68	-0.723861642
16.69	-0.743821189
16.7	-0.760845213
16.71	-0.774866529
16.72	-0.785829801
16.73	-0.793691761
16.74	-0.798421383
16.75	-0.8
16.76	-0.798421383
16.77	-0.793691761
16.78	-0.785829801
16.79	-0.774866529
16.8	-0.760845213
16.81	-0.743821189
16.82	-0.723861642
16.83	-0.701045344
16.84	-0.67546234
16.85	-0.647213595
16.86	-0.616410594
16.87	-0.583174902
16.88	-0.547637685
16.89	-0.509939192
16.9	-0.470228202
16.91	-0.428661436
16.92	-0.385402939
16.93	-0.340623433
16.94	-0.294499642
16.95	-0.247213595
16.96	-0.19895191
16.97	-0.149905052
16.98	-0.100266587
16.99	-0.050232416
17	2.35194E-15
17.01	0.050232416
17.02	0.100266587
17.03	0.149905052
17.04	0.19895191
17.05	0.247213595
17.06	0.294499642
17.07	0.340623433
17.08	0.385402939
17.09	0.428661436
17.1	0.470228202
17.11	0.509939192
17.12	0.547637685
17.13	0.583174902
17.14	0.616410594
17.15	0.647213595
17.16	0.67546234
17.17	0.701045344
17.18	0.723861642
17.19	0.743821189
17.2	0.760845213
17.21	0.774866529
17.22	0.785829801
17.23	0.793691761
17.24	0.798421383
17.25	0.8
17.26	0.798421383
17.27	0.793691761
17.28	0.785829801
17.29	0.774866529
17.3	0.760845213
17.31	0.743821189
17.32	0.723861642
17.33	0.701045344
17.34	0.67546234
17.35	0.647213595
17.36	0.616410594
17.37	0.583174902
17.38	0.547637685
17.39	0.509939192
17.4	0.470228202
17.41	0.428661436
17.42	0.385402939
17.43	0.340623433
17.44	0.294499642
17.45	0.247213595
17.46	0.19895191
17.47	0.149905052
17.48	0.100266587
17.49	0.050232416
17.5	6.27259E-15
17.51	-0.050232416
17.52	-0.100266587
17.53	-0.149905052
17.54	-0.19895191
17.55	-0.247213595
17.56	-0.294499642
17.57	-0.340623433
17.58	-0.385402939
17.59	-0.428661436
17.6	-0.470228202
17.61	-0.509939192
17.62	-0.547637685
17.63	-0.583174902
17.64	-0.616410594
17.65	-0.647213595
17.66	-0.67546234
17.67	-0.701045344
17.68	-0.723861642
17.69	-0.743821189
17.7	-0.760845213
17.71	-0.774866529
17.72	-0.785829801
17.73	-0.793691761
17.74	-0.798421383
17.75	-0.8
17.76	-0.798421383
17.77	-0.793691761
17.78	-0.785829801
17.79	-0.774866529
17.8	-0.760845213
17.81	-0.743821189
17.82	-0.723861642
17.83	-0.701045344
17.84	-0.67546234
17.85	-0.647213595
17.86	-0.616410594
17.87	-0.583174902
17.88	-0.547637685
17.89	-0.509939192
17.9	-0.470228202
17.91	-0.428661436
17.92	-0.385402939
17.93	-0.340623433
17.94	-0.294499642
17.95	-0.247213595
17.96	-0.19895191
17.97	-0.149905052
17.98	-0.100266587
17.99	-0.050232416
18	-3.52843E-15
18.01	0.050232416
18.02	0.100266587
18.03	0.149905052
18.04	0.19895191
18.05	0.247213595
18.06	0.294499642
18.07	0.340623433
18.08	0.385402939
18.09	0.428661436
18.1	0.470228202
18.11	0.509939192
18.12	0.547637685
18.13	0.583174902
18.14	0.616410594
18.15	0.647213595
18.16	0.67546234
18.17	0.701045344
18.18	0.723861642
18.19	0.743821189
18.2	0.760845213
18.21	0.774866529
18.22	0.785829801
18.23	0.793691761
18.24	0.798421383
18.25	0.8
18.26	0.798421383
18.27	0.793691761
18.28	0.785829801
18.29	0.774866529
18.3	0.760845213
18.31	0.743821189
18.32	0.723861642
18.33	0.701045344
18.34	0.67546234
18.35	0.647213595
18.36	0.616410594
18.37	0.583174902
18.38	0.547637685
18.39	0.509939192
18.4	0.470228202
18.41	0.428661436
18.42	0.385402939
18.43	0.340623433
18.44	0.294499642
18.45	0.247213595
18.46	0.19895191
18.47	0.149905052
18.48	0.100266587
18.49	0.050232416
18.5	7.84268E-16
18.51	-0.050232416
18.52	-0.100266587
18.53	-0.149905052
18.54	-0.19895191
18.55	-0.247213595
18.56	-0.294499642
18.57	-0.340623433
18.58	-0.385402939
18.59	-0.428661436
18.6	-0.470228202
18.61	-0.509939192
18.62	-0.547637685
18.63	-0.583174902
18.64	-0.616410594
18.65	-0.647213595
18.66	-0.67546234
18.67	-0.701045344
18.68	-0.723861642
18.69	-0.743821189
18.7	-0.760845213
18.71	-0.774866529
18.72	-0.785829801
18.73	-0.793691761
18.74	-0.798421383
18.75	-0.8
18.76	-0.798421383
18.77	-0.793691761
18.78	-0.785829801
18.79	-0.774866529
18.8	-0.760845213
18.81	-0.743821189
18.82	-0.723861642
18.83	-0.701045344
18.84	-0.67546234
18.85	-0.647213595
18.86	-0.616410594
18.87	-0.583174902
18.88	-0.547637685
18.89	-0.509939192
18.9	-0.470228202
18.91	-0.428661436
18.92	-0.385402939
18.93	-0.340623433
18.94	-0.294499642
18.95	-0.247213595
18.96	-0.19895191
18.97	-0.149905052
18.98	-0.100266587
18.99	-0.050232416
19	-9.40879E-15
19.01	0.050232416
19.02	0.100266587
19.03	0.149905052
19.04	0.19895191
19.05	0.247213595
19.06	0.294499642
19.07	0.340623433
19.08	0.385402939
19.09	0.428661436
19.1	0.470228202
19.11	0.509939192
19.12	0.547637685
19.13	0.583174902
19.14	0.616410594
19.15	0.647213595
19.16	0.67546234
19.17	0.701045344
19.18	0.723861642
19.19	0.743821189
19.2	0.760845213
19.21	0.774866529
19.22	0.785829801
19.23	0.793691761
19.24	0.798421383
19.25	0.8
19.26	0.798421383
19.27	0.793691761
19.28	0.785829801
19.29	0.774866529
19.3	0.760845213
19.31	0.743821189
19.32	0.723861642
19.33	0.701045344
19.34	0.67546234
19.35	0.647213595
19.36	0.616410594
19.37	0.583174902
19.38	0.547637685
19.39	0.509939192
19.4	0.470228202
19.41	0.428661436
19.42	0.385402939
19.43	0.340623433
19.44	0.294499642
19.45	0.247213595
19.46	0.19895191
19.47	0.149905052
19.48	0.100266587
19.49	0.050232416
19.5	6.66463E-15
19.51	-0.050232416
19.52	-0.100266587
19.53	-0.149905052
19.54	-0.19895191
19.55	-0.247213595
19.56	-0.294499642
19.57	-0.340623433
19.58	-0.385402939
19.59	-0.428661436
19.6	-0.470228202
19.61	-0.509939192
19.62	-0.547637685
19.63	-0.583174902
19.64	-0.616410594
19.65	-0.647213595
19.66	-0.67546234
19.67	-0.701045344
19.68	-0.723861642
19.69	-0.743821189
19.7	-0.760845213
19.71	-0.774866529
19.72	-0.785829801
19.73	-0.793691761
19.74	-0.798421383
19.75	-0.8
19.76	-0.798421383
19.77	-0.793691761
19.78	-0.785829801
19.79	-0.774866529
19.8	-0.760845213
19.81	-0.743821189
19.82	-0.723861642
19.83	-0.701045344
19.84	-0.67546234
19.85	-0.647213595
19.86	-0.616410594
19.87	-0.583174902
19.88	-0.547637685
19.89	-0.509939192
19.9	-0.470228202
19.91	-0.428661436
19.92	-0.385402939
19.93	-0.340623433
19.94	-0.294499642
19.95	-0.247213595
19.96	-0.19895191
19.97	-0.149905052
19.98	-0.100266587
19.99	-0.050232416
20	-3.92048E-15
20.01	0.050232416
20.02	0.100266587
20.03	0.149905052
20.04	0.19895191
20.05	0.247213595
20.06	0.294499642
20.07	0.340623433
20.08	0.385402939
20.09	0.428661436
20.1	0.470228202
20.11	0.509939192
20.12	0.547637685
20.13	0.583174902
20.14	0.616410594
20.15	0.647213595
20.16	0.67546234
20.17	0.701045344
20.18	0.723861642
20.19	0.743821189
20.2	0.760845213
20.21	0.774866529
20.22	0.785829801
20.23	0.793691761
20.24	0.798421383
20.25	0.8
20.26	0.798421383
20.27	0.793691761
20.28	0.785829801
20.29	0.774866529
20.3	0.760845213
20.31	0.743821189
20.32	0.723861642
20.33	0.701045344
20.34	0.67546234
20.35	0.647213595
20.36	0.616410594
20.37	0.583174902
20.38	0.547637685
20.39	0.509939192
20.4	0.470228202
20.41	0.428661436
20.42	0.385402939
20.43	0.340623433
20.44	0.294499642
20.45	0.247213595
20.46	0.19895191
20.47	0.149905052
20.48	0.100266587
20.49	0.050232416
20.5	1.2545E-14
20.51	-0.050232416
20.52	-0.100266587
20.53	-0.149905052
20.54	-0.19895191
20.55	-0.247213595
20.56	-0.294499642
20.57	-0.340623433
20.58	-0.385402939
20.59	-0.428661436
20.6	-0.470228202
20.61	-0.509939192
20.62	-0.547637685
20.63	-0.583174902
20.64	-0.616410594
20.65	-0.647213595
20.66	-0.67546234
20.67	-0.701045344
20.68	-0.723861642
20.69	-0.743821189
20.7	-0.760845213
20.71	-0.774866529
20.72	-0.785829801
20.73	-0.793691761
20.74	-0.798421383
20.75	-0.8
20.76	-0.798421383
20.77	-0.793691761
20.78	-0.785829801
20.79	-0.774866529
20.8	-0.760845213
20.81	-0.743821189
20.82	-0.723861642
20.83	-0.701045344
20.84	-0.67546234
20.85	-0.647213595
20.86	-0.616410594
20.87	-0.583174902
20.88	-0.547637685
20.89	-0.509939192
20.9	-0.470228202
20.91	-0.428661436
20.92	-0.385402939
20.93	-0.340623433
20.94	-0.294499642
20.95	-0.247213595
20.96	-0.19895191
20.97	-0.149905052
20.98	-0.100266587
20.99	-0.050232416
21	1.56784E-15
21.01	0.050232416
21.02	0.100266587
21.03	0.149905052
21.04	0.19895191
21.05	0.247213595
21.06	0.294499642
21.07	0.340623433
21.08	0.385402939
21.09	0.428661436
21.1	0.470228202
21.11	0.509939192
21.12	0.547637685
21.13	0.583174902
21.14	0.616410594
21.15	0.647213595
21.16	0.67546234
21.17	0.701045344
21.18	0.723861642
21.19	0.743821189
21.2	0.760845213
21.21	0.774866529
21.22	0.785829801
21.23	0.793691761
21.24	0.798421383
21.25	0.8
21.26	0.798421383
21.27	0.793691761
21.28	0.785829801
21.29	0.774866529
21.3	0.760845213
21.31	0.743821189
21.32	0.723861642
21.33	0.701045344
21.34	0.67546234
21.35	0.647213595
21.36	0.616410594
21.37	0.583174902
21.38	0.547637685
21.39	0.509939192
21.4	0.470228202
21.41	0.428661436
21.42	0.385402939
21.43	0.340623433
21.44	0.294499642
21.45	0.247213595
21.46	0.19895191
21.47	0.149905052
21.48	0.100266587
21.49	0.050232416
21.5	7.05668E-15
21.51	-0.050232416
21.52	-0.100266587
21.53	-0.149905052
21.54	-0.19895191
21.55	-0.247213595
21.56	-0.294499642
21.57	-0.340623433
21.58	-0.385402939
21.59	-0.428661436
21.6	-0.470228202
21.61	-0.509939192
21.62	-0.547637685
21.63	-0.583174902
21.64	-0.616410594
21.65	-0.647213595
21.66	-0.67546234
21.67	-0.701045344
21.68	-0.723861642
21.69	-0.743821189
21.7	-0.760845213
21.71	-0.774866529
21.72	-0.785829801
21.73	-0.793691761
21.74	-0.798421383
21.75	-0.8
21.76	-0.798421383
21.77	-0.793691761
21.78	-0.785829801
21.79	-0.774866529
21.8	-0.760845213
21.81	-0.743821189
21.82	-0.723861642
21.83	-0.701045344
21.84	-0.67546234
21.85	-0.647213595
21.86	-0.616410594
21.87	-0.583174902
21.88	-0.547637685
21.89	-0.509939192
21.9	-0.470228202
21.91	-0.428661436
21.92	-0.385402939
21.93	-0.340623433
21.94	-0.294499642
21.95	-0.247213595
21.96	-0.19895191
21.97	-0.149905052
21.98	-0.100266587
21.99	-0.050232416
22	-1.56812E-14
22.01	0.050232416
22.02	0.100266587
22.03	0.149905052
22.04	0.19895191
22.05	0.247213595
22.06	0.294499642
22.07	0.340623433
22.08	0.385402939
22.09	0.428661436
22.1	0.470228202
22.11	0.509939192
22.12	0.547637685
22.13	0.583174902
22.14	0.616410594
22.15	0.647213595
22.16	0.67546234
22.17	0.701045344
22.18	0.723861642
22.19	0.743821189
22.2	0.760845213
22.21	0.774866529
22.22	0.785829801
22.23	0.793691761
22.24	0.798421383
22.25	0.8
22.26	0.798421383
22.27	0.793691761
22.28	0.785829801
22.29	0.774866529
22.3	0.760845213
22.31	0.743821189
22.32	0.723861642
22.33	0.701045344
22.34	0.67546234
22.35	0.647213595
22.36	0.616410594
22.37	0.583174902
22.38	0.547637685
22.39	0.509939192
22.4	0.470228202
22.41	0.428661436
22.42	0.385402939
22.43	0.340623433
22.44	0.294499642
22.45	0.247213595
22.46	0.19895191
22.47	0.149905052
22.48	0.100266587
22.49	0.050232416
22.5	1.56836E-15
22.51	-0.050232416
22.52	-0.100266587
22.53	-0.149905052
22.54	-0.19895191
22.55	-0.247213595
22.56	-0.294499642
22.57	-0.340623433
22.58	-0.385402939
22.59	-0.428661436
22.6	-0.470228202
22.61	-0.509939192
22.62	-0.547637685
22.63	-0.583174902
22.64	-0.616410594
22.65	-0.647213595
22.66	-0.67546234
22.67	-0.701045344
22.68	-0.723861642
22.69	-0.743821189
22.7	-0.760845213
22.71	-0.774866529
22.72	-0.785829801
22.73	-0.793691761
22.74	-0.798421383
22.75	-0.8
22.76	-0.798421383
22.77	-0.793691761
22.78	-0.785829801
22.79	-0.774866529
22.8	-0.760845213
22.81	-0.743821189
22.82	-0.723861642
22.83	-0.701045344
22.84	-0.67546234
22.85	-0.647213595
22.86	-0.616410594
22.87	-0.583174902
22.88	-0.547637685
22.89	-0.509939192
22.9	-0.470228202
22.91	-0.428661436
22.92	-0.385402939
22.93	-0.340623433
22.94	-0.294499642
22.95	-0.247213595
22.96	-0.19895191
22.97	-0.149905052
22.98	-0.100266587
22.99	-0.050232416
23	-1.01929E-14
23.01	0.050232416
23.02	0.100266587
23.03	0.149905052
23.04	0.19895191
23.05	0.247213595
23.06	0.294499642
23.07	0.340623433
23.08	0.385402939
23.09	0.428661436
23.1	0.470228202
23.11	0.509939192
23.12	0.547637685
23.13	0.583174902
23.14	0.616410594
23.15	0.647213595
23.16	0.67546234
23.17	0.701045344
23.18	0.723861642
23.19	0.743821189
23.2	0.760845213
23.21	0.774866529
23.22	0.785829801
23.23	0.793691761
23.24	0.798421383
23.25	0.8
23.26	0.798421383
23.27	0.793691761
23.28	0.785829801
23.29	0.774866529
23.3	0.760845213
23.31	0.743821189
23.32	0.723861642
23.33	0.701045344
23.34	0.67546234
23.35	0.647213595
23.36	0.616410594
23.37	0.583174902
23.38	0.547637685
23.39	0.509939192
23.4	0.470228202
23.41	0.428661436
23.42	0.385402939
23.43	0.340623433
23.44	0.294499642
23.45	0.247213595
23.46	0.19895191
23.47	0.149905052
23.48	0.100266587
23.49	0.050232416
23.5	-3.91995E-15
23.51	-0.050232416
23.52	-0.100266587
23.53	-0.149905052
23.54	-0.19895191
23.55	-0.247213595
23.56	-0.294499642
23.57	-0.340623433
23.58	-0.385402939
23.59	-0.428661436
23.6	-0.470228202
23.61	-0.509939192
23.62	-0.547637685
23.63	-0.583174902
23.64	-0.616410594
23.65	-0.647213595
23.66	-0.67546234
23.67	-0.701045344
23.68	-0.723861642
23.69	-0.743821189
23.7	-0.760845213
23.71	-0.774866529
23.72	-0.785829801
23.73	-0.793691761
23.74	-0.798421383
23.75	-0.8
23.76	-0.798421383
23.77	-0.793691761
23.78	-0.785829801
23.79	-0.774866529
23.8	-0.760845213
23.81	-0.743821189
23.82	-0.723861642
23.83	-0.701045344
23.84	-0.67546234
23.85	-0.647213595
23.86	-0.616410594
23.87	-0.583174902
23.88	-0.547637685
23.89	-0.509939192
23.9	-0.470228202
23.91	-0.428661436
23.92	-0.385402939
23.93	-0.340623433
23.94	-0.294499642
23.95	-0.247213595
23.96	-0.19895191
23.97	-0.149905052
23.98	-0.100266587
23.99	-0.050232416
24	-4.70457E-15
24.01	0.050232416
24.02	0.100266587
24.03	0.149905052
24.04	0.19895191
24.05	0.247213595
24.06	0.294499642
24.07	0.340623433
24.08	0.385402939
24.09	0.428661436
24.1	0.470228202
24.11	0.509939192
24.12	0.547637685
24.13	0.583174902
24.14	0.616410594
24.15	0.647213595
24.16	0.67546234
24.17	0.701045344
24.18	0.723861642
24.19	0.743821189
24.2	0.760845213
24.21	0.774866529
24.22	0.785829801
24.23	0.793691761
24.24	0.798421383
24.25	0.8
24.26	0.798421383
24.27	0.793691761
24.28	0.785829801
24.29	0.774866529
24.3	0.760845213
24.31	0.743821189
24.32	0.723861642
24.33	0.701045344
24.34	0.67546234
24.35	0.647213595
24.36	0.616410594
24.37	0.583174902
24.38	0.547637685
24.39	0.509939192
24.4	0.470228202
24.41	0.428661436
24.42	0.385402939
24.43	0.340623433
24.44	0.294499642
24.45	0.247213595
24.46	0.19895191
24.47	0.149905052
24.48	0.100266587
24.49	0.050232416
24.5	1.33291E-14
24.51	-0.050232416
24.52	-0.100266587
24.53	-0.149905052
24.54	-0.19895191
24.55	-0.247213595
24.56	-0.294499642
24.57	-0.340623433
24.58	-0.385402939
24.59	-0.428661436
24.6	-0.470228202
24.61	-0.509939192
24.62	-0.547637685
24.63	-0.583174902
24.64	-0.616410594
24.65	-0.647213595
24.66	-0.67546234
24.67	-0.701045344
24.68	-0.723861642
24.69	-0.743821189
24.7	-0.760845213
24.71	-0.774866529
24.72	-0.785829801
24.73	-0.793691761
24.74	-0.798421383
24.75	-0.8
24.76	-0.798421383
24.77	-0.793691761
24.78	-0.785829801
24.79	-0.774866529
24.8	-0.760845213
24.81	-0.743821189
24.82	-0.723861642
24.83	-0.701045344
24.84	-0.67546234
24.85	-0.647213595
24.86	-0.616410594
24.87	-0.583174902
24.88	-0.547637685
24.89	-0.509939192
24.9	-0.470228202
24.91	-0.428661436
24.92	-0.385402939
24.93	-0.340623433
24.94	-0.294499642
24.95	-0.247213595
24.96	-0.19895191
24.97	-0.149905052
24.98	-0.100266587
24.99	-0.050232416
25	7.83748E-16
25.01	0.050232416
25.02	0.100266587
25.03	0.149905052
25.04	0.19895191
25.05	0.247213595
25.06	0.294499642
25.07	0.340623433
25.08	0.385402939
25.09	0.428661436
25.1	0.470228202
25.11	0.509939192
25.12	0.547637685
25.13	0.583174902
25.14	0.616410594
25.15	0.647213595
25.16	0.67546234
25.17	0.701045344
25.18	0.723861642
25.19	0.743821189
25.2	0.760845213
25.21	0.774866529
25.22	0.785829801
25.23	0.793691761
25.24	0.798421383
25.25	0.8
25.26	0.798421383
25.27	0.793691761
25.28	0.785829801
25.29	0.774866529
25.3	0.760845213
25.31	0.743821189
25.32	0.723861642
25.33	0.701045344
25.34	0.67546234
25.35	0.647213595
25.36	0.616410594
25.37	0.583174902
25.38	0.547637685
25.39	0.509939192
25.4	0.470228202
25.41	0.428661436
25.42	0.385402939
25.43	0.340623433
25.44	0.294499642
25.45	0.247213595
25.46	0.19895191
25.47	0.149905052
25.48	0.100266587
25.49	0.050232416
25.5	7.84078E-15
25.51	-0.050232416
25.52	-0.100266587
25.53	-0.149905052
25.54	-0.19895191
25.55	-0.247213595
25.56	-0.294499642
25.57	-0.340623433
25.58	-0.385402939
25.59	-0.428661436
25.6	-0.470228202
25.61	-0.509939192
25.62	-0.547637685
25.63	-0.583174902
25.64	-0.616410594
25.65	-0.647213595
25.66	-0.67546234
25.67	-0.701045344
25.68	-0.723861642
25.69	-0.743821189
25.7	-0.760845213
25.71	-0.774866529
25.72	-0.785829801
25.73	-0.793691761
25.74	-0.798421383
25.75	-0.8
25.76	-0.798421383
25.77	-0.793691761
25.78	-0.785829801
25.79	-0.774866529
25.8	-0.760845213
25.81	-0.743821189
25.82	-0.723861642
25.83	-0.701045344
25.84	-0.67546234
25.85	-0.647213595
25.86	-0.616410594
25.87	-0.583174902
25.88	-0.547637685
25.89	-0.509939192
25.9	-0.470228202
25.91	-0.428661436
25.92	-0.385402939
25.93	-0.340623433
25.94	-0.294499642
25.95	-0.247213595
25.96	-0.19895191
25.97	-0.149905052
25.98	-0.100266587
25.99	-0.050232416
26	6.27207E-15
26.01	0.050232416
26.02	0.100266587
26.03	0.149905052
26.04	0.19895191
26.05	0.247213595
26.06	0.294499642
26.07	0.340623433
26.08	0.385402939
26.09	0.428661436
26.1	0.470228202
26.11	0.509939192
26.12	0.547637685
26.13	0.583174902
26.14	0.616410594
26.15	0.647213595
26.16	0.67546234
26.17	0.701045344
26.18	0.723861642
26.19	0.743821189
26.2	0.760845213
26.21	0.774866529
26.22	0.785829801
26.23	0.793691761
26.24	0.798421383
26.25	0.8
26.26	0.798421383
26.27	0.793691761
26.28	0.785829801
26.29	0.774866529
26.3	0.760845213
26.31	0.743821189
26.32	0.723861642
26.33	0.701045344
26.34	0.67546234
26.35	0.647213595
26.36	0.616410594
26.37	0.583174902
26.38	0.547637685
26.39	0.509939192
26.4	0.470228202
26.41	0.428661436
26.42	0.385402939
26.43	0.340623433
26.44	0.294499642
26.45	0.247213595
26.46	0.19895191
26.47	0.149905052
26.48	0.100266587
26.49	0.050232416
26.5	2.35246E-15
26.51	-0.050232416
26.52	-0.100266587
26.53	-0.149905052
26.54	-0.19895191
26.55	-0.247213595
26.56	-0.294499642
26.57	-0.340623433
26.58	-0.385402939
26.59	-0.428661436
26.6	-0.470228202
26.61	-0.509939192
26.62	-0.547637685
26.63	-0.583174902
26.64	-0.616410594
26.65	-0.647213595
26.66	-0.67546234
26.67	-0.701045344
26.68	-0.723861642
26.69	-0.743821189
26.7	-0.760845213
26.71	-0.774866529
26.72	-0.785829801
26.73	-0.793691761
26.74	-0.798421383
26.75	-0.8
26.76	-0.798421383
26.77	-0.793691761
26.78	-0.785829801
26.79	-0.774866529
26.8	-0.760845213
26.81	-0.743821189
26.82	-0.723861642
26.83	-0.701045344
26.84	-0.67546234
26.85	-0.647213595
26.86	-0.616410594
26.87	-0.583174902
26.88	-0.547637685
26.89	-0.509939192
26.9	-0.470228202
26.91	-0.428661436
26.92	-0.385402939
26.93	-0.340623433
26.94	-0.294499642
26.95	-0.247213595
26.96	-0.19895191
26.97	-0.149905052
26.98	-0.100266587
26.99	-0.050232416
27	-1.0977E-14
27.01	0.050232416
27.02	0.100266587
27.03	0.149905052
27.04	0.19895191
27.05	0.247213595
27.06	0.294499642
27.07	0.340623433
27.08	0.385402939
27.09	0.428661436
27.1	0.470228202
27.11	0.509939192
27.12	0.547637685
27.13	0.583174902
27.14	0.616410594
27.15	0.647213595
27.16	0.67546234
27.17	0.701045344
27.18	0.723861642
27.19	0.743821189
27.2	0.760845213
27.21	0.774866529
27.22	0.785829801
27.23	0.793691761
27.24	0.798421383
27.25	0.8
27.26	0.798421383
27.27	0.793691761
27.28	0.785829801
27.29	0.774866529
27.3	0.760845213
27.31	0.743821189
27.32	0.723861642
27.33	0.701045344
27.34	0.67546234
27.35	0.647213595
27.36	0.616410594
27.37	0.583174902
27.38	0.547637685
27.39	0.509939192
27.4	0.470228202
27.41	0.428661436
27.42	0.385402939
27.43	0.340623433
27.44	0.294499642
27.45	0.247213595
27.46	0.19895191
27.47	0.149905052
27.48	0.100266587
27.49	0.050232416
27.5	-3.13586E-15
27.51	-0.050232416
27.52	-0.100266587
27.53	-0.149905052
27.54	-0.19895191
27.55	-0.247213595
27.56	-0.294499642
27.57	-0.340623433
27.58	-0.385402939
27.59	-0.428661436
27.6	-0.470228202
27.61	-0.509939192
27.62	-0.547637685
27.63	-0.583174902
27.64	-0.616410594
27.65	-0.647213595
27.66	-0.67546234
27.67	-0.701045344
27.68	-0.723861642
27.69	-0.743821189
27.7	-0.760845213
27.71	-0.774866529
27.72	-0.785829801
27.73	-0.793691761
27.74	-0.798421383
27.75	-0.8
27.76	-0.798421383
27.77	-0.793691761
27.78	-0.785829801
27.79	-0.774866529
27.8	-0.760845213
27.81	-0.743821189
27.82	-0.723861642
27.83	-0.701045344
27.84	-0.67546234
27.85	-0.647213595
27.86	-0.616410594
27.87	-0.583174902
27.88	-0.547637685
27.89	-0.509939192
27.9	-0.470228202
27.91	-0.428661436
27.92	-0.385402939
27.93	-0.340623433
27.94	-0.294499642
27.95	-0.247213595
27.96	-0.19895191
27.97	-0.149905052
27.98	-0.100266587
27.99	-0.050232416
28	-5.48867E-15
28.01	0.050232416
28.02	0.100266587
28.03	0.149905052
28.04	0.19895191
28.05	0.247213595
28.06	0.294499642
28.07	0.340623433
28.08	0.385402939
28.09	0.428661436
28.1	0.470228202
28.11	0.509939192
28.12	0.547637685
28.13	0.583174902
28.14	0.616410594
28.15	0.647213595
28.16	0.67546234
28.17	0.701045344
28.18	0.723861642
28.19	0.743821189
28.2	0.760845213
28.21	0.774866529
28.22	0.785829801
28.23	0.793691761
28.24	0.798421383
28.25	0.8
28.26	0.798421383
28.27	0.793691761
28.28	0.785829801
28.29	0.774866529
28.3	0.760845213
28.31	0.743821189
28.32	0.723861642
28.33	0.701045344
28.34	0.67546234
28.35	0.647213595
28.36	0.616410594
28.37	0.583174902
28.38	0.547637685
28.39	0.509939192
28.4	0.470228202
28.41	0.428661436
28.42	0.385402939
28.43	0.340623433
28.44	0.294499642
28.45	0.247213595
28.46	0.19895191
28.47	0.149905052
28.48	0.100266587
28.49	0.050232416
28.5	1.41132E-14
28.51	-0.050232416
28.52	-0.100266587
28.53	-0.149905052
28.54	-0.19895191
28.55	-0.247213595
28.56	-0.294499642
28.57	-0.340623433
28.58	-0.385402939
28.59	-0.428661436
28.6	-0.470228202
28.61	-0.509939192
28.62	-0.547637685
28.63	-0.583174902
28.64	-0.616410594
28.65	-0.647213595
28.66	-0.67546234
28.67	-0.701045344
28.68	-0.723861642
28.69	-0.743821189
28.7	-0.760845213
28.71	-0.774866529
28.72	-0.785829801
28.73	-0.793691761
28.74	-0.798421383
28.75	-0.8
28.76	-0.798421383
28.77	-0.793691761
28.78	-0.785829801
28.79	-0.774866529
28.8	-0.760845213
28.81	-0.743821189
28.82	-0.723861642
28.83	-0.701045344
28.84	-0.67546234
28.85	-0.647213595
28.86	-0.616410594
28.87	-0.583174902
28.88	-0.547637685
28.89	-0.509939192
28.9	-0.470228202
28.91	-0.428661436
28.92	-0.385402939
28.93	-0.340623433
28.94	-0.294499642
28.95	-0.247213595
28.96	-0.19895191
28.97	-0.149905052
28.98	-0.100266587
28.99	-0.050232416
29	-3.46945E-19
29.01	0.050232416
29.02	0.100266587
29.03	0.149905052
29.04	0.19895191
29.05	0.247213595
29.06	0.294499642
29.07	0.340623433
29.08	0.385402939
29.09	0.428661436
29.1	0.470228202
29.11	0.509939192
29.12	0.547637685
29.13	0.583174902
29.14	0.616410594
29.15	0.647213595
29.16	0.67546234
29.17	0.701045344
29.18	0.723861642
29.19	0.743821189
29.2	0.760845213
29.21	0.774866529
29.22	0.785829801
29.23	0.793691761
29.24	0.798421383
29.25	0.8
29.26	0.798421383
29.27	0.793691761
29.28	0.785829801
29.29	0.774866529
29.3	0.760845213
29.31	0.743821189
29.32	0.723861642
29.33	0.701045344
29.34	0.67546234
29.35	0.647213595
29.36	0.616410594
29.37	0.583174902
29.38	0.547637685
29.39	0.509939192
29.4	0.470228202
29.41	0.428661436
29.42	0.385402939
29.43	0.340623433
29.44	0.294499642
29.45	0.247213595
29.46	0.19895191
29.47	0.149905052
29.48	0.100266587
29.49	0.050232416
29.5	8.62487E-15
29.51	-0.050232416
29.52	-0.100266587
29.53	-0.149905052
29.54	-0.19895191
29.55	-0.247213595
29.56	-0.294499642
29.57	-0.340623433
29.58	-0.385402939
29.59	-0.428661436
29.6	-0.470228202
29.61	-0.509939192
29.62	-0.547637685
29.63	-0.583174902
29.64	-0.616410594
29.65	-0.647213595
29.66	-0.67546234
29.67	-0.701045344
29.68	-0.723861642
29.69	-0.743821189
29.7	-0.760845213
29.71	-0.774866529
29.72	-0.785829801
29.73	-0.793691761
29.74	-0.798421383
29.75	-0.8
29.76	-0.798421383
29.77	-0.793691761
29.78	-0.785829801
29.79	-0.774866529
29.8	-0.760845213
29.81	-0.743821189
29.82	-0.723861642
29.83	-0.701045344
29.84	-0.67546234
29.85	-0.647213595
29.86	-0.616410594
29.87	-0.583174902
29.88	-0.547637685
29.89	-0.509939192
29.9	-0.470228202
29.91	-0.428661436
29.92	-0.385402939
29.93	-0.340623433
29.94	-0.294499642
29.95	-0.247213595
29.96	-0.19895191
29.97	-0.149905052
29.98	-0.100266587
29.99	-0.050232416
30	-1.72494E-14
30.01	0.050232416
30.02	0.100266587
30.03	0.149905052
30.04	0.19895191
30.05	0.247213595
30.06	0.294499642
30.07	0.340623433
30.08	0.385402939
30.09	0.428661436
30.1	0.470228202
30.11	0.509939192
30.12	0.547637685
30.13	0.583174902
30.14	0.616410594
30.15	0.647213595
30.16	0.67546234
30.17	0.701045344
30.18	0.723861642
30.19	0.743821189
30.2	0.760845213
30.21	0.774866529
30.22	0.785829801
30.23	0.793691761
30.24	0.798421383
30.25	0.8
30.26	0.798421383
30.27	0.793691761
30.28	0.785829801
30.29	0.774866529
30.3	0.760845213
30.31	0.743821189
30.32	0.723861642
30.33	0.701045344
30.34	0.67546234
30.35	0.647213595
30.36	0.616410594
30.37	0.583174902
30.38	0.547637685
30.39	0.509939192
30.4	0.470228202
30.41	0.428661436
30.42	0.385402939
30.43	0.340623433
30.44	0.294499642
30.45	0.247213595
30.46	0.19895191
30.47	0.149905052
30.48	0.100266587
30.49	0.050232416
30.5	3.13655E-15
30.51	-0.050232416
30.52	-0.100266587
30.53	-0.149905052
30.54	-0.19895191
30.55	-0.247213595
30.56	-0.294499642
30.57	-0.340623433
30.58	-0.385402939
30.59	-0.428661436
30.6	-0.470228202
30.61	-0.509939192
30.62	-0.547637685
30.63	-0.583174902
30.64	-0.616410594
30.65	-0.647213595
30.66	-0.67546234
30.67	-0.701045344
30.68	-0.723861642
30.69	-0.743821189
30.7	-0.760845213
30.71	-0.774866529
30.72	-0.785829801
30.73	-0.793691761
30.74	-0.798421383
30.75	-0.8
30.76	-0.798421383
30.77	-0.793691761
30.78	-0.785829801
30.79	-0.774866529
30.8	-0.760845213
30.81	-0.743821189
30.82	-0.723861642
30.83	-0.701045344
30.84	-0.67546234
30.85	-0.647213595
30.86	-0.616410594
30.87	-0.583174902
30.88	-0.547637685
30.89	-0.509939192
30.9	-0.470228202
30.91	-0.428661436
30.92	-0.385402939
30.93	-0.340623433
30.94	-0.294499642
30.95	-0.247213595
30.96	-0.19895191
30.97	-0.149905052
30.98	-0.100266587
30.99	-0.050232416
31	-1.17611E-14
31.01	0.050232416
31.02	0.100266587
31.03	0.149905052
31.04	0.19895191
31.05	0.247213595
31.06	0.294499642
31.07	0.340623433
31.08	0.385402939
31.09	0.428661436
31.1	0.470228202
31.11	0.509939192
31.12	0.547637685
31.13	0.583174902
31.14	0.616410594
31.15	0.647213595
31.16	0.67546234
31.17	0.701045344
31.18	0.723861642
31.19	0.743821189
31.2	0.760845213
31.21	0.774866529
31.22	0.785829801
31.23	0.793691761
31.24	0.798421383
31.25	0.8
31.26	0.798421383
31.27	0.793691761
31.28	0.785829801
31.29	0.774866529
31.3	0.760845213
31.31	0.743821189
31.32	0.723861642
31.33	0.701045344
31.34	0.67546234
31.35	0.647213595
31.36	0.616410594
31.37	0.583174902
31.38	0.547637685
31.39	0.509939192
31.4	0.470228202
31.41	0.428661436
31.42	0.385402939
31.43	0.340623433
31.44	0.294499642
31.45	0.247213595
31.46	0.19895191
31.47	0.149905052
31.48	0.100266587
31.49	0.050232416
31.5	-2.35176E-15
31.51	-0.050232416
31.52	-0.100266587
31.53	-0.149905052
31.54	-0.19895191
31.55	-0.247213595
31.56	-0.294499642
31.57	-0.340623433
31.58	-0.385402939
31.59	-0.428661436
31.6	-0.470228202
31.61	-0.509939192
31.62	-0.547637685
31.63	-0.583174902
31.64	-0.616410594
31.65	-0.647213595
31.66	-0.67546234
31.67	-0.701045344
31.68	-0.723861642
31.69	-0.743821189
31.7	-0.760845213
31.71	-0.774866529
31.72	-0.785829801
31.73	-0.793691761
31.74	-0.798421383
31.75	-0.8
31.76	-0.798421383
31.77	-0.793691761
31.78	-0.785829801
31.79	-0.774866529
31.8	-0.760845213
31.81	-0.743821189
31.82	-0.723861642
31.83	-0.701045344
31.84	-0.67546234
31.85	-0.647213595
31.86	-0.616410594
31.87	-0.583174902
31.88	-0.547637685
31.89	-0.509939192
31.9	-0.470228202
31.91	-0.428661436
31.92	-0.385402939
31.93	-0.340623433
31.94	-0.294499642
31.95	-0.247213595
31.96	-0.19895191
31.97	-0.149905052
31.98	-0.100266587
31.99	-0.050232416
32	-6.27276E-15
32.01	0.050232416
32.02	0.100266587
32.03	0.149905052
32.04	0.19895191
32.05	0.247213595
32.06	0.294499642
32.07	0.340623433
32.08	0.385402939
32.09	0.428661436
32.1	0.470228202
32.11	0.509939192
32.12	0.547637685
32.13	0.583174902
32.14	0.616410594
32.15	0.647213595
32.16	0.67546234
32.17	0.701045344
32.18	0.723861642
32.19	0.743821189
32.2	0.760845213
32.21	0.774866529
32.22	0.785829801
32.23	0.793691761
32.24	0.798421383
32.25	0.8
32.26	0.798421383
32.27	0.793691761
32.28	0.785829801
32.29	0.774866529
32.3	0.760845213
32.31	0.743821189
32.32	0.723861642
32.33	0.701045344
32.34	0.67546234
32.35	0.647213595
32.36	0.616410594
32.37	0.583174902
32.38	0.547637685
32.39	0.509939192
32.4	0.470228202
32.41	0.428661436
32.42	0.385402939
32.43	0.340623433
32.44	0.294499642
32.45	0.247213595
32.46	0.19895191
32.47	0.149905052
32.48	0.100266587
32.49	0.050232416
32.5	1.48973E-14
32.51	-0.050232416
32.52	-0.100266587
32.53	-0.149905052
32.54	-0.19895191
32.55	-0.247213595
32.56	-0.294499642
32.57	-0.340623433
32.58	-0.385402939
32.59	-0.428661436
32.6	-0.470228202
32.61	-0.509939192
32.62	-0.547637685
32.63	-0.583174902
32.64	-0.616410594
32.65	-0.647213595
32.66	-0.67546234
32.67	-0.701045344
32.68	-0.723861642
32.69	-0.743821189
32.7	-0.760845213
32.71	-0.774866529
32.72	-0.785829801
32.73	-0.793691761
32.74	-0.798421383
32.75	-0.8
32.76	-0.798421383
32.77	-0.793691761
32.78	-0.785829801
32.79	-0.774866529
32.8	-0.760845213
32.81	-0.743821189
32.82	-0.723861642
32.83	-0.701045344
32.84	-0.67546234
32.85	-0.647213595
32.86	-0.616410594
32.87	-0.583174902
32.88	-0.547637685
32.89	-0.509939192
32.9	-0.470228202
32.91	-0.428661436
32.92	-0.385402939
32.93	-0.340623433
32.94	-0.294499642
32.95	-0.247213595
32.96	-0.19895191
32.97	-0.149905052
32.98	-0.100266587
32.99	-0.050232416
33	-7.84442E-16
33.01	0.050232416
33.02	0.100266587
33.03	0.149905052
33.04	0.19895191
33.05	0.247213595
33.06	0.294499642
33.07	0.340623433
33.08	0.385402939
33.09	0.428661436
33.1	0.470228202
33.11	0.509939192
33.12	0.547637685
33.13	0.583174902
33.14	0.616410594
33.15	0.647213595
33.16	0.67546234
33.17	0.701045344
33.18	0.723861642
33.19	0.743821189
33.2	0.760845213
33.21	0.774866529
33.22	0.785829801
33.23	0.793691761
33.24	0.798421383
33.25	0.8
33.26	0.798421383
33.27	0.793691761
33.28	0.785829801
33.29	0.774866529
33.3	0.760845213
33.31	0.743821189
33.32	0.723861642
33.33	0.701045344
33.34	0.67546234
33.35	0.647213595
33.36	0.616410594
33.37	0.583174902
33.38	0.547637685
33.39	0.509939192
33.4	0.470228202
33.41	0.428661436
33.42	0.385402939
33.43	0.340623433
33.44	0.294499642
33.45	0.247213595
33.46	0.19895191
33.47	0.149905052
33.48	0.100266587
33.49	0.050232416
33.5	9.40897E-15
33.51	-0.050232416
33.52	-0.100266587
33.53	-0.149905052
33.54	-0.19895191
33.55	-0.247213595
33.56	-0.294499642
33.57	-0.340623433
33.58	-0.385402939
33.59	-0.428661436
33.6	-0.470228202
33.61	-0.509939192
33.62	-0.547637685
33.63	-0.583174902
33.64	-0.616410594
33.65	-0.647213595
33.66	-0.67546234
33.67	-0.701045344
33.68	-0.723861642
33.69	-0.743821189
33.7	-0.760845213
33.71	-0.774866529
33.72	-0.785829801
33.73	-0.793691761
33.74	-0.798421383
33.75	-0.8
33.76	-0.798421383
33.77	-0.793691761
33.78	-0.785829801
33.79	-0.774866529
33.8	-0.760845213
33.81	-0.743821189
33.82	-0.723861642
33.83	-0.701045344
33.84	-0.67546234
33.85	-0.647213595
33.86	-0.616410594
33.87	-0.583174902
33.88	-0.547637685
33.89	-0.509939192
33.9	-0.470228202
33.91	-0.428661436
33.92	-0.385402939
33.93	-0.340623433
33.94	-0.294499642
33.95	-0.247213595
33.96	-0.19895191
33.97	-0.149905052
33.98	-0.100266587
33.99	-0.050232416
34	4.70388E-15
34.01	0.050232416
34.02	0.100266587
34.03	0.149905052
34.04	0.19895191
34.05	0.247213595
34.06	0.294499642
34.07	0.340623433
34.08	0.385402939
34.09	0.428661436
34.1	0.470228202
34.11	0.509939192
34.12	0.547637685
34.13	0.583174902
34.14	0.616410594
34.15	0.647213595
34.16	0.67546234
34.17	0.701045344
34.18	0.723861642
34.19	0.743821189
34.2	0.760845213
34.21	0.774866529
34.22	0.785829801
34.23	0.793691761
34.24	0.798421383
34.25	0.8
34.26	0.798421383
34.27	0.793691761
34.28	0.785829801
34.29	0.774866529
34.3	0.760845213
34.31	0.743821189
34.32	0.723861642
34.33	0.701045344
34.34	0.67546234
34.35	0.647213595
34.36	0.616410594
34.37	0.583174902
34.38	0.547637685
34.39	0.509939192
34.4	0.470228202
34.41	0.428661436
34.42	0.385402939
34.43	0.340623433
34.44	0.294499642
34.45	0.247213595
34.46	0.19895191
34.47	0.149905052
34.48	0.100266587
34.49	0.050232416
34.5	3.92065E-15
34.51	-0.050232416
34.52	-0.100266587
34.53	-0.149905052
34.54	-0.19895191
34.55	-0.247213595
34.56	-0.294499642
34.57	-0.340623433
34.58	-0.385402939
34.59	-0.428661436
34.6	-0.470228202
34.61	-0.509939192
34.62	-0.547637685
34.63	-0.583174902
34.64	-0.616410594
34.65	-0.647213595
34.66	-0.67546234
34.67	-0.701045344
34.68	-0.723861642
34.69	-0.743821189
34.7	-0.760845213
34.71	-0.774866529
34.72	-0.785829801
34.73	-0.793691761
34.74	-0.798421383
34.75	-0.8
34.76	-0.798421383
34.77	-0.793691761
34.78	-0.785829801
34.79	-0.774866529
34.8	-0.760845213
34.81	-0.743821189
34.82	-0.723861642
34.83	-0.701045344
34.84	-0.67546234
34.85	-0.647213595
34.86	-0.616410594
34.87	-0.583174902
34.88	-0.547637685
34.89	-0.509939192
34.9	-0.470228202
34.91	-0.428661436
34.92	-0.385402939
34.93	-0.340623433
34.94	-0.294499642
34.95	-0.247213595
34.96	-0.19895191
34.97	-0.149905052
34.98	-0.100266587
34.99	-0.050232416
35	-1.25452E-14
35.01	0.050232416
35.02	0.100266587
35.03	0.149905052
35.04	0.19895191
35.05	0.247213595
35.06	0.294499642
35.07	0.340623433
35.08	0.385402939
35.09	0.428661436
35.1	0.470228202
35.11	0.509939192
35.12	0.547637685
35.13	0.583174902
35.14	0.616410594
35.15	0.647213595
35.16	0.67546234
35.17	0.701045344
35.18	0.723861642
35.19	0.743821189
35.2	0.760845213
35.21	0.774866529
35.22	0.785829801
35.23	0.793691761
35.24	0.798421383
35.25	0.8
35.26	0.798421383
35.27	0.793691761
35.28	0.785829801
35.29	0.774866529
35.3	0.760845213
35.31	0.743821189
35.32	0.723861642
35.33	0.701045344
35.34	0.67546234
35.35	0.647213595
35.36	0.616410594
35.37	0.583174902
35.38	0.547637685
35.39	0.509939192
35.4	0.470228202
35.41	0.428661436
35.42	0.385402939
35.43	0.340623433
35.44	0.294499642
35.45	0.247213595
35.46	0.19895191
35.47	0.149905052
35.48	0.100266587
35.49	0.050232416
35.5	-1.56767E-15
35.51	-0.050232416
35.52	-0.100266587
35.53	-0.149905052
35.54	-0.19895191
35.55	-0.247213595
35.56	-0.294499642
35.57	-0.340623433
35.58	-0.385402939
35.59	-0.428661436
35.6	-0.470228202
35.61	-0.509939192
35.62	-0.547637685
35.63	-0.583174902
35.64	-0.616410594
35.65	-0.647213595
35.66	-0.67546234
35.67	-0.701045344
35.68	-0.723861642
35.69	-0.743821189
35.7	-0.760845213
35.71	-0.774866529
35.72	-0.785829801
35.73	-0.793691761
35.74	-0.798421383
35.75	-0.8
35.76	-0.798421383
35.77	-0.793691761
35.78	-0.785829801
35.79	-0.774866529
35.8	-0.760845213
35.81	-0.743821189
35.82	-0.723861642
35.83	-0.701045344
35.84	-0.67546234
35.85	-0.647213595
35.86	-0.616410594
35.87	-0.583174902
35.88	-0.547637685
35.89	-0.509939192
35.9	-0.470228202
35.91	-0.428661436
35.92	-0.385402939
35.93	-0.340623433
35.94	-0.294499642
35.95	-0.247213595
35.96	-0.19895191
35.97	-0.149905052
35.98	-0.100266587
35.99	-0.050232416
36	-7.05686E-15
36.01	0.050232416
36.02	0.100266587
36.03	0.149905052
36.04	0.19895191
36.05	0.247213595
36.06	0.294499642
36.07	0.340623433
36.08	0.385402939
36.09	0.428661436
36.1	0.470228202
36.11	0.509939192
36.12	0.547637685
36.13	0.583174902
36.14	0.616410594
36.15	0.647213595
36.16	0.67546234
36.17	0.701045344
36.18	0.723861642
36.19	0.743821189
36.2	0.760845213
36.21	0.774866529
36.22	0.785829801
36.23	0.793691761
36.24	0.798421383
36.25	0.8
36.26	0.798421383
36.27	0.793691761
36.28	0.785829801
36.29	0.774866529
36.3	0.760845213
36.31	0.743821189
36.32	0.723861642
36.33	0.701045344
36.34	0.67546234
36.35	0.647213595
36.36	0.616410594
36.37	0.583174902
36.38	0.547637685
36.39	0.509939192
36.4	0.470228202
36.41	0.428661436
36.42	0.385402939
36.43	0.340623433
36.44	0.294499642
36.45	0.247213595
36.46	0.19895191
36.47	0.149905052
36.48	0.100266587
36.49	0.050232416
36.5	1.56814E-14
36.51	-0.050232416
36.52	-0.100266587
36.53	-0.149905052
36.54	-0.19895191
36.55	-0.247213595
36.56	-0.294499642
36.57	-0.340623433
36.58	-0.385402939
36.59	-0.428661436
36.6	-0.470228202
36.61	-0.509939192
36.62	-0.547637685
36.63	-0.583174902
36.64	-0.616410594
36.65	-0.647213595
36.66	-0.67546234
36.67	-0.701045344
36.68	-0.723861642
36.69	-0.743821189
36.7	-0.760845213
36.71	-0.774866529
36.72	-0.785829801
36.73	-0.793691761
36.74	-0.798421383
36.75	-0.8
36.76	-0.798421383
36.77	-0.793691761
36.78	-0.785829801
36.79	-0.774866529
36.8	-0.760845213
36.81	-0.743821189
36.82	-0.723861642
36.83	-0.701045344
36.84	-0.67546234
36.85	-0.647213595
36.86	-0.616410594
36.87	-0.583174902
36.88	-0.547637685
36.89	-0.509939192
36.9	-0.470228202
36.91	-0.428661436
36.92	-0.385402939
36.93	-0.340623433
36.94	-0.294499642
36.95	-0.247213595
36.96	-0.19895191
36.97	-0.149905052
36.98	-0.100266587
36.99	-0.050232416
37	-1.56854E-15
37.01	0.050232416
37.02	0.100266587
37.03	0.149905052
37.04	0.19895191
37.05	0.247213595
37.06	0.294499642
37.07	0.340623433
37.08	0.385402939
37.09	0.428661436
37.1	0.470228202
37.11	0.509939192
37.12	0.547637685
37.13	0.583174902
37.14	0.616410594
37.15	0.647213595
37.16	0.67546234
37.17	0.701045344
37.18	0.723861642
37.19	0.743821189
37.2	0.760845213
37.21	0.774866529
37.22	0.785829801
37.23	0.793691761
37.24	0.798421383
37.25	0.8
37.26	0.798421383
37.27	0.793691761
37.28	0.785829801
37.29	0.774866529
37.3	0.760845213
37.31	0.743821189
37.32	0.723861642
37.33	0.701045344
37.34	0.67546234
37.35	0.647213595
37.36	0.616410594
37.37	0.583174902
37.38	0.547637685
37.39	0.509939192
37.4	0.470228202
37.41	0.428661436
37.42	0.385402939
37.43	0.340623433
37.44	0.294499642
37.45	0.247213595
37.46	0.19895191
37.47	0.149905052
37.48	0.100266587
37.49	0.050232416
37.5	1.01931E-14
37.51	-0.050232416
37.52	-0.100266587
37.53	-0.149905052
37.54	-0.19895191
37.55	-0.247213595
37.56	-0.294499642
37.57	-0.340623433
37.58	-0.385402939
37.59	-0.428661436
37.6	-0.470228202
37.61	-0.509939192
37.62	-0.547637685
37.63	-0.583174902
37.64	-0.616410594
37.65	-0.647213595
37.66	-0.67546234
37.67	-0.701045344
37.68	-0.723861642
37.69	-0.743821189
37.7	-0.760845213
37.71	-0.774866529
37.72	-0.785829801
37.73	-0.793691761
37.74	-0.798421383
37.75	-0.8
37.76	-0.798421383
37.77	-0.793691761
37.78	-0.785829801
37.79	-0.774866529
37.8	-0.760845213
37.81	-0.743821189
37.82	-0.723861642
37.83	-0.701045344
37.84	-0.67546234
37.85	-0.647213595
37.86	-0.616410594
37.87	-0.583174902
37.88	-0.547637685
37.89	-0.509939192
37.9	-0.470228202
37.91	-0.428661436
37.92	-0.385402939
37.93	-0.340623433
37.94	-0.294499642
37.95	-0.247213595
37.96	-0.19895191
37.97	-0.149905052
37.98	-0.100266587
37.99	-0.050232416
38	-1.88176E-14
38.01	0.050232416
38.02	0.100266587
38.03	0.149905052
38.04	0.19895191
38.05	0.247213595
38.06	0.294499642
38.07	0.340623433
38.08	0.385402939
38.09	0.428661436
38.1	0.470228202
38.11	0.509939192
38.12	0.547637685
38.13	0.583174902
38.14	0.616410594
38.15	0.647213595
38.16	0.67546234
38.17	0.701045344
38.18	0.723861642
38.19	0.743821189
38.2	0.760845213
38.21	0.774866529
38.22	0.785829801
38.23	0.793691761
38.24	0.798421383
38.25	0.8
38.26	0.798421383
38.27	0.793691761
38.28	0.785829801
38.29	0.774866529
38.3	0.760845213
38.31	0.743821189
38.32	0.723861642
38.33	0.701045344
38.34	0.67546234
38.35	0.647213595
38.36	0.616410594
38.37	0.583174902
38.38	0.547637685
38.39	0.509939192
38.4	0.470228202
38.41	0.428661436
38.42	0.385402939
38.43	0.340623433
38.44	0.294499642
38.45	0.247213595
38.46	0.19895191
38.47	0.149905052
38.48	0.100266587
38.49	0.050232416
38.5	4.70474E-15
38.51	-0.050232416
38.52	-0.100266587
38.53	-0.149905052
38.54	-0.19895191
38.55	-0.247213595
38.56	-0.294499642
38.57	-0.340623433
38.58	-0.385402939
38.59	-0.428661436
38.6	-0.470228202
38.61	-0.509939192
38.62	-0.547637685
38.63	-0.583174902
38.64	-0.616410594
38.65	-0.647213595
38.66	-0.67546234
38.67	-0.701045344
38.68	-0.723861642
38.69	-0.743821189
38.7	-0.760845213
38.71	-0.774866529
38.72	-0.785829801
38.73	-0.793691761
38.74	-0.798421383
38.75	-0.8
38.76	-0.798421383
38.77	-0.793691761
38.78	-0.785829801
38.79	-0.774866529
38.8	-0.760845213
38.81	-0.743821189
38.82	-0.723861642
38.83	-0.701045344
38.84	-0.67546234
38.85	-0.647213595
38.86	-0.616410594
38.87	-0.583174902
38.88	-0.547637685
38.89	-0.509939192
38.9	-0.470228202
38.91	-0.428661436
38.92	-0.385402939
38.93	-0.340623433
38.94	-0.294499642
38.95	-0.247213595
38.96	-0.19895191
38.97	-0.149905052
38.98	-0.100266587
38.99	-0.050232416
39	-1.33293E-14
39.01	0.050232416
39.02	0.100266587
39.03	0.149905052
39.04	0.19895191
39.05	0.247213595
39.06	0.294499642
39.07	0.340623433
39.08	0.385402939
39.09	0.428661436
39.1	0.470228202
39.11	0.509939192
39.12	0.547637685
39.13	0.583174902
39.14	0.616410594
39.15	0.647213595
39.16	0.67546234
39.17	0.701045344
39.18	0.723861642
39.19	0.743821189
39.2	0.760845213
39.21	0.774866529
39.22	0.785829801
39.23	0.793691761
39.24	0.798421383
39.25	0.8
39.26	0.798421383
39.27	0.793691761
39.28	0.785829801
39.29	0.774866529
39.3	0.760845213
39.31	0.743821189
39.32	0.723861642
39.33	0.701045344
39.34	0.67546234
39.35	0.647213595
39.36	0.616410594
39.37	0.583174902
39.38	0.547637685
39.39	0.509939192
39.4	0.470228202
39.41	0.428661436
39.42	0.385402939
39.43	0.340623433
39.44	0.294499642
39.45	0.247213595
39.46	0.19895191
39.47	0.149905052
39.48	0.100266587
39.49	0.050232416
39.5	-7.83575E-16
39.51	-0.050232416
39.52	-0.100266587
39.53	-0.149905052
39.54	-0.19895191
39.55	-0.247213595
39.56	-0.294499642
39.57	-0.340623433
39.58	-0.385402939
39.59	-0.428661436
39.6	-0.470228202
39.61	-0.509939192
39.62	-0.547637685
39.63	-0.583174902
39.64	-0.616410594
39.65	-0.647213595
39.66	-0.67546234
39.67	-0.701045344
39.68	-0.723861642
39.69	-0.743821189
39.7	-0.760845213
39.71	-0.774866529
39.72	-0.785829801
39.73	-0.793691761
39.74	-0.798421383
39.75	-0.8
39.76	-0.798421383
39.77	-0.793691761
39.78	-0.785829801
39.79	-0.774866529
39.8	-0.760845213
39.81	-0.743821189
39.82	-0.723861642
39.83	-0.701045344
39.84	-0.67546234
39.85	-0.647213595
39.86	-0.616410594
39.87	-0.583174902
39.88	-0.547637685
39.89	-0.509939192
39.9	-0.470228202
39.91	-0.428661436
39.92	-0.385402939
39.93	-0.340623433
39.94	-0.294499642
39.95	-0.247213595
39.96	-0.19895191
39.97	-0.149905052
39.98	-0.100266587
39.99	-0.050232416
40	-7.84095E-15
40.01	0.050232416
40.02	0.100266587
40.03	0.149905052
40.04	0.19895191
40.05	0.247213595
40.06	0.294499642
40.07	0.340623433
40.08	0.385402939
40.09	0.428661436
40.1	0.470228202
40.11	0.509939192
40.12	0.547637685
40.13	0.583174902
40.14	0.616410594
40.15	0.647213595
40.16	0.67546234
40.17	0.701045344
40.18	0.723861642
40.19	0.743821189
40.2	0.760845213
40.21	0.774866529
40.22	0.785829801
40.23	0.793691761
40.24	0.798421383
40.25	0.8
40.26	0.798421383
40.27	0.793691761
40.28	0.785829801
40.29	0.774866529
40.3	0.760845213
40.31	0.743821189
40.32	0.723861642
40.33	0.701045344
40.34	0.67546234
40.35	0.647213595
40.36	0.616410594
40.37	0.583174902
40.38	0.547637685
40.39	0.509939192
40.4	0.470228202
40.41	0.428661436
40.42	0.385402939
40.43	0.340623433
40.44	0.294499642
40.45	0.247213595
40.46	0.19895191
40.47	0.149905052
40.48	0.100266587
40.49	0.050232416
40.5	1.64655E-14
40.51	-0.050232416
40.52	-0.100266587
40.53	-0.149905052
40.54	-0.19895191
40.55	-0.247213595
40.56	-0.294499642
40.57	-0.340623433
40.58	-0.385402939
40.59	-0.428661436
40.6	-0.470228202
40.61	-0.509939192
40.62	-0.547637685
40.63	-0.583174902
40.64	-0.616410594
40.65	-0.647213595
40.66	-0.67546234
40.67	-0.701045344
40.68	-0.723861642
40.69	-0.743821189
40.7	-0.760845213
40.71	-0.774866529
40.72	-0.785829801
40.73	-0.793691761
40.74	-0.798421383
40.75	-0.8
40.76	-0.798421383
40.77	-0.793691761
40.78	-0.785829801
40.79	-0.774866529
40.8	-0.760845213
40.81	-0.743821189
40.82	-0.723861642
40.83	-0.701045344
40.84	-0.67546234
40.85	-0.647213595
40.86	-0.616410594
40.87	-0.583174902
40.88	-0.547637685
40.89	-0.509939192
40.9	-0.470228202
40.91	-0.428661436
40.92	-0.385402939
40.93	-0.340623433
40.94	-0.294499642
40.95	-0.247213595
40.96	-0.19895191
40.97	-0.149905052
40.98	-0.100266587
40.99	-0.050232416
41	-2.509E-14
41.01	0.050232416
41.02	0.100266587
41.03	0.149905052
41.04	0.19895191
41.05	0.247213595
41.06	0.294499642
41.07	0.340623433
41.08	0.385402939
41.09	0.428661436
41.1	0.470228202
41.11	0.509939192
41.12	0.547637685
41.13	0.583174902
41.14	0.616410594
41.15	0.647213595
41.16	0.67546234
41.17	0.701045344
41.18	0.723861642
41.19	0.743821189
41.2	0.760845213
41.21	0.774866529
41.22	0.785829801
41.23	0.793691761
41.24	0.798421383
41.25	0.8
41.26	0.798421383
41.27	0.793691761
41.28	0.785829801
41.29	0.774866529
41.3	0.760845213
41.31	0.743821189
41.32	0.723861642
41.33	0.701045344
41.34	0.67546234
41.35	0.647213595
41.36	0.616410594
41.37	0.583174902
41.38	0.547637685
41.39	0.509939192
41.4	0.470228202
41.41	0.428661436
41.42	0.385402939
41.43	0.340623433
41.44	0.294499642
41.45	0.247213595
41.46	0.19895191
41.47	0.149905052
41.48	0.100266587
41.49	0.050232416
41.5	-1.17602E-14
41.51	-0.050232416
41.52	-0.100266587
41.53	-0.149905052
41.54	-0.19895191
41.55	-0.247213595
41.56	-0.294499642
41.57	-0.340623433
41.58	-0.385402939
41.59	-0.428661436
41.6	-0.470228202
41.61	-0.509939192
41.62	-0.547637685
41.63	-0.583174902
41.64	-0.616410594
41.65	-0.647213595
41.66	-0.67546234
41.67	-0.701045344
41.68	-0.723861642
41.69	-0.743821189
41.7	-0.760845213
41.71	-0.774866529
41.72	-0.785829801
41.73	-0.793691761
41.74	-0.798421383
41.75	-0.8
41.76	-0.798421383
41.77	-0.793691761
41.78	-0.785829801
41.79	-0.774866529
41.8	-0.760845213
41.81	-0.743821189
41.82	-0.723861642
41.83	-0.701045344
41.84	-0.67546234
41.85	-0.647213595
41.86	-0.616410594
41.87	-0.583174902
41.88	-0.547637685
41.89	-0.509939192
41.9	-0.470228202
41.91	-0.428661436
41.92	-0.385402939
41.93	-0.340623433
41.94	-0.294499642
41.95	-0.247213595
41.96	-0.19895191
41.97	-0.149905052
41.98	-0.100266587
41.99	-0.050232416
42	3.13569E-15
42.01	0.050232416
42.02	0.100266587
42.03	0.149905052
42.04	0.19895191
42.05	0.247213595
42.06	0.294499642
42.07	0.340623433
42.08	0.385402939
42.09	0.428661436
42.1	0.470228202
42.11	0.509939192
42.12	0.547637685
42.13	0.583174902
42.14	0.616410594
42.15	0.647213595
42.16	0.67546234
42.17	0.701045344
42.18	0.723861642
42.19	0.743821189
42.2	0.760845213
42.21	0.774866529
42.22	0.785829801
42.23	0.793691761
42.24	0.798421383
42.25	0.8
42.26	0.798421383
42.27	0.793691761
42.28	0.785829801
42.29	0.774866529
42.3	0.760845213
42.31	0.743821189
42.32	0.723861642
42.33	0.701045344
42.34	0.67546234
42.35	0.647213595
42.36	0.616410594
42.37	0.583174902
42.38	0.547637685
42.39	0.509939192
42.4	0.470228202
42.41	0.428661436
42.42	0.385402939
42.43	0.340623433
42.44	0.294499642
42.45	0.247213595
42.46	0.19895191
42.47	0.149905052
42.48	0.100266587
42.49	0.050232416
42.5	5.48884E-15
42.51	-0.050232416
42.52	-0.100266587
42.53	-0.149905052
42.54	-0.19895191
42.55	-0.247213595
42.56	-0.294499642
42.57	-0.340623433
42.58	-0.385402939
42.59	-0.428661436
42.6	-0.470228202
42.61	-0.509939192
42.62	-0.547637685
42.63	-0.583174902
42.64	-0.616410594
42.65	-0.647213595
42.66	-0.67546234
42.67	-0.701045344
42.68	-0.723861642
42.69	-0.743821189
42.7	-0.760845213
42.71	-0.774866529
42.72	-0.785829801
42.73	-0.793691761
42.74	-0.798421383
42.75	-0.8
42.76	-0.798421383
42.77	-0.793691761
42.78	-0.785829801
42.79	-0.774866529
42.8	-0.760845213
42.81	-0.743821189
42.82	-0.723861642
42.83	-0.701045344
42.84	-0.67546234
42.85	-0.647213595
42.86	-0.616410594
42.87	-0.583174902
42.88	-0.547637685
42.89	-0.509939192
42.9	-0.470228202
42.91	-0.428661436
42.92	-0.385402939
42.93	-0.340623433
42.94	-0.294499642
42.95	-0.247213595
42.96	-0.19895191
42.97	-0.149905052
42.98	-0.100266587
42.99	-0.050232416
43	-1.41134E-14
43.01	0.050232416
43.02	0.100266587
43.03	0.149905052
43.04	0.19895191
43.05	0.247213595
43.06	0.294499642
43.07	0.340623433
43.08	0.385402939
43.09	0.428661436
43.1	0.470228202
43.11	0.509939192
43.12	0.547637685
43.13	0.583174902
43.14	0.616410594
43.15	0.647213595
43.16	0.67546234
43.17	0.701045344
43.18	0.723861642
43.19	0.743821189
43.2	0.760845213
43.21	0.774866529
43.22	0.785829801
43.23	0.793691761
43.24	0.798421383
43.25	0.8
43.26	0.798421383
43.27	0.793691761
43.28	0.785829801
43.29	0.774866529
43.3	0.760845213
43.31	0.743821189
43.32	0.723861642
43.33	0.701045344
43.34	0.67546234
43.35	0.647213595
43.36	0.616410594
43.37	0.583174902
43.38	0.547637685
43.39	0.509939192
43.4	0.470228202
43.41	0.428661436
43.42	0.385402939
43.43	0.340623433
43.44	0.294499642
43.45	0.247213595
43.46	0.19895191
43.47	0.149905052
43.48	0.100266587
43.49	0.050232416
43.5	2.27379E-14
43.51	-0.050232416
43.52	-0.100266587
43.53	-0.149905052
43.54	-0.19895191
43.55	-0.247213595
43.56	-0.294499642
43.57	-0.340623433
43.58	-0.385402939
43.59	-0.428661436
43.6	-0.470228202
43.61	-0.509939192
43.62	-0.547637685
43.63	-0.583174902
43.64	-0.616410594
43.65	-0.647213595
43.66	-0.67546234
43.67	-0.701045344
43.68	-0.723861642
43.69	-0.743821189
43.7	-0.760845213
43.71	-0.774866529
43.72	-0.785829801
43.73	-0.793691761
43.74	-0.798421383
43.75	-0.8
43.76	-0.798421383
43.77	-0.793691761
43.78	-0.785829801
43.79	-0.774866529
43.8	-0.760845213
43.81	-0.743821189
43.82	-0.723861642
43.83	-0.701045344
43.84	-0.67546234
43.85	-0.647213595
43.86	-0.616410594
43.87	-0.583174902
43.88	-0.547637685
43.89	-0.509939192
43.9	-0.470228202
43.91	-0.428661436
43.92	-0.385402939
43.93	-0.340623433
43.94	-0.294499642
43.95	-0.247213595
43.96	-0.19895191
43.97	-0.149905052
43.98	-0.100266587
43.99	-0.050232416
44	-3.13624E-14
44.01	0.050232416
44.02	0.100266587
44.03	0.149905052
44.04	0.19895191
44.05	0.247213595
44.06	0.294499642
44.07	0.340623433
44.08	0.385402939
44.09	0.428661436
44.1	0.470228202
44.11	0.509939192
44.12	0.547637685
44.13	0.583174902
44.14	0.616410594
44.15	0.647213595
44.16	0.67546234
44.17	0.701045344
44.18	0.723861642
44.19	0.743821189
44.2	0.760845213
44.21	0.774866529
44.22	0.785829801
44.23	0.793691761
44.24	0.798421383
44.25	0.8
44.26	0.798421383
44.27	0.793691761
44.28	0.785829801
44.29	0.774866529
44.3	0.760845213
44.31	0.743821189
44.32	0.723861642
44.33	0.701045344
44.34	0.67546234
44.35	0.647213595
44.36	0.616410594
44.37	0.583174902
44.38	0.547637685
44.39	0.509939192
44.4	0.470228202
44.41	0.428661436
44.42	0.385402939
44.43	0.340623433
44.44	0.294499642
44.45	0.247213595
44.46	0.19895191
44.47	0.149905052
44.48	0.100266587
44.49	0.050232416
44.5	-5.4878E-15
44.51	-0.050232416
44.52	-0.100266587
44.53	-0.149905052
44.54	-0.19895191
44.55	-0.247213595
44.56	-0.294499642
44.57	-0.340623433
44.58	-0.385402939
44.59	-0.428661436
44.6	-0.470228202
44.61	-0.509939192
44.62	-0.547637685
44.63	-0.583174902
44.64	-0.616410594
44.65	-0.647213595
44.66	-0.67546234
44.67	-0.701045344
44.68	-0.723861642
44.69	-0.743821189
44.7	-0.760845213
44.71	-0.774866529
44.72	-0.785829801
44.73	-0.793691761
44.74	-0.798421383
44.75	-0.8
44.76	-0.798421383
44.77	-0.793691761
44.78	-0.785829801
44.79	-0.774866529
44.8	-0.760845213
44.81	-0.743821189
44.82	-0.723861642
44.83	-0.701045344
44.84	-0.67546234
44.85	-0.647213595
44.86	-0.616410594
44.87	-0.583174902
44.88	-0.547637685
44.89	-0.509939192
44.9	-0.470228202
44.91	-0.428661436
44.92	-0.385402939
44.93	-0.340623433
44.94	-0.294499642
44.95	-0.247213595
44.96	-0.19895191
44.97	-0.149905052
44.98	-0.100266587
44.99	-0.050232416
45	-3.13673E-15
45.01	0.050232416
45.02	0.100266587
45.03	0.149905052
45.04	0.19895191
45.05	0.247213595
45.06	0.294499642
45.07	0.340623433
45.08	0.385402939
45.09	0.428661436
45.1	0.470228202
45.11	0.509939192
45.12	0.547637685
45.13	0.583174902
45.14	0.616410594
45.15	0.647213595
45.16	0.67546234
45.17	0.701045344
45.18	0.723861642
45.19	0.743821189
45.2	0.760845213
45.21	0.774866529
45.22	0.785829801
45.23	0.793691761
45.24	0.798421383
45.25	0.8
45.26	0.798421383
45.27	0.793691761
45.28	0.785829801
45.29	0.774866529
45.3	0.760845213
45.31	0.743821189
45.32	0.723861642
45.33	0.701045344
45.34	0.67546234
45.35	0.647213595
45.36	0.616410594
45.37	0.583174902
45.38	0.547637685
45.39	0.509939192
45.4	0.470228202
45.41	0.428661436
45.42	0.385402939
45.43	0.340623433
45.44	0.294499642
45.45	0.247213595
45.46	0.19895191
45.47	0.149905052
45.48	0.100266587
45.49	0.050232416
45.5	1.17613E-14
45.51	-0.050232416
45.52	-0.100266587
45.53	-0.149905052
45.54	-0.19895191
45.55	-0.247213595
45.56	-0.294499642
45.57	-0.340623433
45.58	-0.385402939
45.59	-0.428661436
45.6	-0.470228202
45.61	-0.509939192
45.62	-0.547637685
45.63	-0.583174902
45.64	-0.616410594
45.65	-0.647213595
45.66	-0.67546234
45.67	-0.701045344
45.68	-0.723861642
45.69	-0.743821189
45.7	-0.760845213
45.71	-0.774866529
45.72	-0.785829801
45.73	-0.793691761
45.74	-0.798421383
45.75	-0.8
45.76	-0.798421383
45.77	-0.793691761
45.78	-0.785829801
45.79	-0.774866529
45.8	-0.760845213
45.81	-0.743821189
45.82	-0.723861642
45.83	-0.701045344
45.84	-0.67546234
45.85	-0.647213595
45.86	-0.616410594
45.87	-0.583174902
45.88	-0.547637685
45.89	-0.509939192
45.9	-0.470228202
45.91	-0.428661436
45.92	-0.385402939
45.93	-0.340623433
45.94	-0.294499642
45.95	-0.247213595
45.96	-0.19895191
45.97	-0.149905052
45.98	-0.100266587
45.99	-0.050232416
46	-2.03858E-14
46.01	0.050232416
46.02	0.100266587
46.03	0.149905052
46.04	0.19895191
46.05	0.247213595
46.06	0.294499642
46.07	0.340623433
46.08	0.385402939
46.09	0.428661436
46.1	0.470228202
46.11	0.509939192
46.12	0.547637685
46.13	0.583174902
46.14	0.616410594
46.15	0.647213595
46.16	0.67546234
46.17	0.701045344
46.18	0.723861642
46.19	0.743821189
46.2	0.760845213
46.21	0.774866529
46.22	0.785829801
46.23	0.793691761
46.24	0.798421383
46.25	0.8
46.26	0.798421383
46.27	0.793691761
46.28	0.785829801
46.29	0.774866529
46.3	0.760845213
46.31	0.743821189
46.32	0.723861642
46.33	0.701045344
46.34	0.67546234
46.35	0.647213595
46.36	0.616410594
46.37	0.583174902
46.38	0.547637685
46.39	0.509939192
46.4	0.470228202
46.41	0.428661436
46.42	0.385402939
46.43	0.340623433
46.44	0.294499642
46.45	0.247213595
46.46	0.19895191
46.47	0.149905052
46.48	0.100266587
46.49	0.050232416
46.5	2.90103E-14
46.51	-0.050232416
46.52	-0.100266587
46.53	-0.149905052
46.54	-0.19895191
46.55	-0.247213595
46.56	-0.294499642
46.57	-0.340623433
46.58	-0.385402939
46.59	-0.428661436
46.6	-0.470228202
46.61	-0.509939192
46.62	-0.547637685
46.63	-0.583174902
46.64	-0.616410594
46.65	-0.647213595
46.66	-0.67546234
46.67	-0.701045344
46.68	-0.723861642
46.69	-0.743821189
46.7	-0.760845213
46.71	-0.774866529
46.72	-0.785829801
46.73	-0.793691761
46.74	-0.798421383
46.75	-0.8
46.76	-0.798421383
46.77	-0.793691761
46.78	-0.785829801
46.79	-0.774866529
46.8	-0.760845213
46.81	-0.743821189
46.82	-0.723861642
46.83	-0.701045344
46.84	-0.67546234
46.85	-0.647213595
46.86	-0.616410594
46.87	-0.583174902
46.88	-0.547637685
46.89	-0.509939192
46.9	-0.470228202
46.91	-0.428661436
46.92	-0.385402939
46.93	-0.340623433
46.94	-0.294499642
46.95	-0.247213595
46.96	-0.19895191
46.97	-0.149905052
46.98	-0.100266587
46.99	-0.050232416
47	7.83991E-15
47.01	0.050232416
47.02	0.100266587
47.03	0.149905052
47.04	0.19895191
47.05	0.247213595
47.06	0.294499642
47.07	0.340623433
47.08	0.385402939
47.09	0.428661436
47.1	0.470228202
47.11	0.509939192
47.12	0.547637685
47.13	0.583174902
47.14	0.616410594
47.15	0.647213595
47.16	0.67546234
47.17	0.701045344
47.18	0.723861642
47.19	0.743821189
47.2	0.760845213
47.21	0.774866529
47.22	0.785829801
47.23	0.793691761
47.24	0.798421383
47.25	0.8
47.26	0.798421383
47.27	0.793691761
47.28	0.785829801
47.29	0.774866529
47.3	0.760845213
47.31	0.743821189
47.32	0.723861642
47.33	0.701045344
47.34	0.67546234
47.35	0.647213595
47.36	0.616410594
47.37	0.583174902
47.38	0.547637685
47.39	0.509939192
47.4	0.470228202
47.41	0.428661436
47.42	0.385402939
47.43	0.340623433
47.44	0.294499642
47.45	0.247213595
47.46	0.19895191
47.47	0.149905052
47.48	0.100266587
47.49	0.050232416
47.5	7.84615E-16
47.51	-0.050232416
47.52	-0.100266587
47.53	-0.149905052
47.54	-0.19895191
47.55	-0.247213595
47.56	-0.294499642
47.57	-0.340623433
47.58	-0.385402939
47.59	-0.428661436
47.6	-0.470228202
47.61	-0.509939192
47.62	-0.547637685
47.63	-0.583174902
47.64	-0.616410594
47.65	-0.647213595
47.66	-0.67546234
47.67	-0.701045344
47.68	-0.723861642
47.69	-0.743821189
47.7	-0.760845213
47.71	-0.774866529
47.72	-0.785829801
47.73	-0.793691761
47.74	-0.798421383
47.75	-0.8
47.76	-0.798421383
47.77	-0.793691761
47.78	-0.785829801
47.79	-0.774866529
47.8	-0.760845213
47.81	-0.743821189
47.82	-0.723861642
47.83	-0.701045344
47.84	-0.67546234
47.85	-0.647213595
47.86	-0.616410594
47.87	-0.583174902
47.88	-0.547637685
47.89	-0.509939192
47.9	-0.470228202
47.91	-0.428661436
47.92	-0.385402939
47.93	-0.340623433
47.94	-0.294499642
47.95	-0.247213595
47.96	-0.19895191
47.97	-0.149905052
47.98	-0.100266587
47.99	-0.050232416
48	-9.40914E-15
48.01	0.050232416
48.02	0.100266587
48.03	0.149905052
48.04	0.19895191
48.05	0.247213595
48.06	0.294499642
48.07	0.340623433
48.08	0.385402939
48.09	0.428661436
48.1	0.470228202
48.11	0.509939192
48.12	0.547637685
48.13	0.583174902
48.14	0.616410594
48.15	0.647213595
48.16	0.67546234
48.17	0.701045344
48.18	0.723861642
48.19	0.743821189
48.2	0.760845213
48.21	0.774866529
48.22	0.785829801
48.23	0.793691761
48.24	0.798421383
48.25	0.8
48.26	0.798421383
48.27	0.793691761
48.28	0.785829801
48.29	0.774866529
48.3	0.760845213
48.31	0.743821189
48.32	0.723861642
48.33	0.701045344
48.34	0.67546234
48.35	0.647213595
48.36	0.616410594
48.37	0.583174902
48.38	0.547637685
48.39	0.509939192
48.4	0.470228202
48.41	0.428661436
48.42	0.385402939
48.43	0.340623433
48.44	0.294499642
48.45	0.247213595
48.46	0.19895191
48.47	0.149905052
48.48	0.100266587
48.49	0.050232416
48.5	1.80337E-14
48.51	-0.050232416
48.52	-0.100266587
48.53	-0.149905052
48.54	-0.19895191
48.55	-0.247213595
48.56	-0.294499642
48.57	-0.340623433
48.58	-0.385402939
48.59	-0.428661436
48.6	-0.470228202
48.61	-0.509939192
48.62	-0.547637685
48.63	-0.583174902
48.64	-0.616410594
48.65	-0.647213595
48.66	-0.67546234
48.67	-0.701045344
48.68	-0.723861642
48.69	-0.743821189
48.7	-0.760845213
48.71	-0.774866529
48.72	-0.785829801
48.73	-0.793691761
48.74	-0.798421383
48.75	-0.8
48.76	-0.798421383
48.77	-0.793691761
48.78	-0.785829801
48.79	-0.774866529
48.8	-0.760845213
48.81	-0.743821189
48.82	-0.723861642
48.83	-0.701045344
48.84	-0.67546234
48.85	-0.647213595
48.86	-0.616410594
48.87	-0.583174902
48.88	-0.547637685
48.89	-0.509939192
48.9	-0.470228202
48.91	-0.428661436
48.92	-0.385402939
48.93	-0.340623433
48.94	-0.294499642
48.95	-0.247213595
48.96	-0.19895191
48.97	-0.149905052
48.98	-0.100266587
48.99	-0.050232416
49	-2.66582E-14
49.01	0.050232416
49.02	0.100266587
49.03	0.149905052
49.04	0.19895191
49.05	0.247213595
49.06	0.294499642
49.07	0.340623433
49.08	0.385402939
49.09	0.428661436
49.1	0.470228202
49.11	0.509939192
49.12	0.547637685
49.13	0.583174902
49.14	0.616410594
49.15	0.647213595
49.16	0.67546234
49.17	0.701045344
49.18	0.723861642
49.19	0.743821189
49.2	0.760845213
49.21	0.774866529
49.22	0.785829801
49.23	0.793691761
49.24	0.798421383
49.25	0.8
49.26	0.798421383
49.27	0.793691761
49.28	0.785829801
49.29	0.774866529
49.3	0.760845213
49.31	0.743821189
49.32	0.723861642
49.33	0.701045344
49.34	0.67546234
49.35	0.647213595
49.36	0.616410594
49.37	0.583174902
49.38	0.547637685
49.39	0.509939192
49.4	0.470228202
49.41	0.428661436
49.42	0.385402939
49.43	0.340623433
49.44	0.294499642
49.45	0.247213595
49.46	0.19895191
49.47	0.149905052
49.48	0.100266587
49.49	0.050232416
49.5	-1.0192E-14
49.51	-0.050232416
49.52	-0.100266587
49.53	-0.149905052
49.54	-0.19895191
49.55	-0.247213595
49.56	-0.294499642
49.57	-0.340623433
49.58	-0.385402939
49.59	-0.428661436
49.6	-0.470228202
49.61	-0.509939192
49.62	-0.547637685
49.63	-0.583174902
49.64	-0.616410594
49.65	-0.647213595
49.66	-0.67546234
49.67	-0.701045344
49.68	-0.723861642
49.69	-0.743821189
49.7	-0.760845213
49.71	-0.774866529
49.72	-0.785829801
49.73	-0.793691761
49.74	-0.798421383
49.75	-0.8
49.76	-0.798421383
49.77	-0.793691761
49.78	-0.785829801
49.79	-0.774866529
49.8	-0.760845213
49.81	-0.743821189
49.82	-0.723861642
49.83	-0.701045344
49.84	-0.67546234
49.85	-0.647213595
49.86	-0.616410594
49.87	-0.583174902
49.88	-0.547637685
49.89	-0.509939192
49.9	-0.470228202
49.91	-0.428661436
49.92	-0.385402939
49.93	-0.340623433
49.94	-0.294499642
49.95	-0.247213595
49.96	-0.19895191
49.97	-0.149905052
49.98	-0.100266587
49.99	-0.050232416
50	1.5675E-15
