5001  0.0100000000	
0	0
0.01	0.100266587
0.02	0.19895191
0.03	0.294499642
0.04	0.385402939
0.05	0.470228202
0.06	0.547637685
0.07	0.616410594
0.08	0.67546234
0.09	0.723861642
0.1	0.760845213
0.11	0.785829801
0.12	0.798421383
0.13	0.798421383
0.14	0.785829801
0.15	0.760845213
0.16	0.723861642
0.17	0.67546234
0.18	0.616410594
0.19	0.547637685
0.2	0.470228202
0.21	0.385402939
0.22	0.294499642
0.23	0.19895191
0.24	0.100266587
0.25	9.80119E-17
0.26	-0.100266587
0.27	-0.19895191
0.28	-0.294499642
0.29	-0.385402939
0.3	-0.470228202
0.31	-0.547637685
0.32	-0.616410594
0.33	-0.67546234
0.34	-0.723861642
0.35	-0.760845213
0.36	-0.785829801
0.37	-0.798421383
0.38	-0.798421383
0.39	-0.785829801
0.4	-0.760845213
0.41	-0.723861642
0.42	-0.67546234
0.43	-0.616410594
0.44	-0.547637685
0.45	-0.470228202
0.46	-0.385402939
0.47	-0.294499642
0.48	-0.19895191
0.49	-0.100266587
0.5	-1.96024E-16
0.51	0.100266587
0.52	0.19895191
0.53	0.294499642
0.54	0.385402939
0.55	0.470228202
0.56	0.547637685
0.57	0.616410594
0.58	0.67546234
0.59	0.723861642
0.6	0.760845213
0.61	0.785829801
0.62	0.798421383
0.63	0.798421383
0.64	0.785829801
0.65	0.760845213
0.66	0.723861642
0.67	0.67546234
0.68	0.616410594
0.69	0.547637685
0.7	0.470228202
0.71	0.385402939
0.72	0.294499642
0.73	0.19895191
0.74	0.100266587
0.75	2.94036E-16
0.76	-0.100266587
0.77	-0.19895191
0.78	-0.294499642
0.79	-0.385402939
0.8	-0.470228202
0.81	-0.547637685
0.82	-0.616410594
0.83	-0.67546234
0.84	-0.723861642
0.85	-0.760845213
0.86	-0.785829801
0.87	-0.798421383
0.88	-0.798421383
0.89	-0.785829801
0.9	-0.760845213
0.91	-0.723861642
0.92	-0.67546234
0.93	-0.616410594
0.94	-0.547637685
0.95	-0.470228202
0.96	-0.385402939
0.97	-0.294499642
0.98	-0.19895191
0.99	-0.100266587
1	-3.92048E-16
1.01	0.100266587
1.02	0.19895191
1.03	0.294499642
1.04	0.385402939
1.05	0.470228202
1.06	0.547637685
1.07	0.616410594
1.08	0.67546234
1.09	0.723861642
1.1	0.760845213
1.11	0.785829801
1.12	0.798421383
1.13	0.798421383
1.14	0.785829801
1.15	0.760845213
1.16	0.723861642
1.17	0.67546234
1.18	0.616410594
1.19	0.547637685
1.2	0.470228202
1.21	0.385402939
1.22	0.294499642
1.23	0.19895191
1.24	0.100266587
1.25	4.90059E-16
1.26	-0.100266587
1.27	-0.19895191
1.28	-0.294499642
1.29	-0.385402939
1.3	-0.470228202
1.31	-0.547637685
1.32	-0.616410594
1.33	-0.67546234
1.34	-0.723861642
1.35	-0.760845213
1.36	-0.785829801
1.37	-0.798421383
1.38	-0.798421383
1.39	-0.785829801
1.4	-0.760845213
1.41	-0.723861642
1.42	-0.67546234
1.43	-0.616410594
1.44	-0.547637685
1.45	-0.470228202
1.46	-0.385402939
1.47	-0.294499642
1.48	-0.19895191
1.49	-0.100266587
1.5	-5.88071E-16
1.51	0.100266587
1.52	0.19895191
1.53	0.294499642
1.54	0.385402939
1.55	0.470228202
1.56	0.547637685
1.57	0.616410594
1.58	0.67546234
1.59	0.723861642
1.6	0.760845213
1.61	0.785829801
1.62	0.798421383
1.63	0.798421383
1.64	0.785829801
1.65	0.760845213
1.66	0.723861642
1.67	0.67546234
1.68	0.616410594
1.69	0.547637685
1.7	0.470228202
1.71	0.385402939
1.72	0.294499642
1.73	0.19895191
1.74	0.100266587
1.75	6.86083E-16
1.76	-0.100266587
1.77	-0.19895191
1.78	-0.294499642
1.79	-0.385402939
1.8	-0.470228202
1.81	-0.547637685
1.82	-0.616410594
1.83	-0.67546234
1.84	-0.723861642
1.85	-0.760845213
1.86	-0.785829801
1.87	-0.798421383
1.88	-0.798421383
1.89	-0.785829801
1.9	-0.760845213
1.91	-0.723861642
1.92	-0.67546234
1.93	-0.616410594
1.94	-0.547637685
1.95	-0.470228202
1.96	-0.385402939
1.97	-0.294499642
1.98	-0.19895191
1.99	-0.100266587
2	-7.84095E-16
2.01	0.100266587
2.02	0.19895191
2.03	0.294499642
2.04	0.385402939
2.05	0.470228202
2.06	0.547637685
2.07	0.616410594
2.08	0.67546234
2.09	0.723861642
2.1	0.760845213
2.11	0.785829801
2.12	0.798421383
2.13	0.798421383
2.14	0.785829801
2.15	0.760845213
2.16	0.723861642
2.17	0.67546234
2.18	0.616410594
2.19	0.547637685
2.2	0.470228202
2.21	0.385402939
2.22	0.294499642
2.23	0.19895191
2.24	0.100266587
2.25	8.82107E-16
2.26	-0.100266587
2.27	-0.19895191
2.28	-0.294499642
2.29	-0.385402939
2.3	-0.470228202
2.31	-0.547637685
2.32	-0.616410594
2.33	-0.67546234
2.34	-0.723861642
2.35	-0.760845213
2.36	-0.785829801
2.37	-0.798421383
2.38	-0.798421383
2.39	-0.785829801
2.4	-0.760845213
2.41	-0.723861642
2.42	-0.67546234
2.43	-0.616410594
2.44	-0.547637685
2.45	-0.470228202
2.46	-0.385402939
2.47	-0.294499642
2.48	-0.19895191
2.49	-0.100266587
2.5	-9.80119E-16
2.51	0.100266587
2.52	0.19895191
2.53	0.294499642
2.54	0.385402939
2.55	0.470228202
2.56	0.547637685
2.57	0.616410594
2.58	0.67546234
2.59	0.723861642
2.6	0.760845213
2.61	0.785829801
2.62	0.798421383
2.63	0.798421383
2.64	0.785829801
2.65	0.760845213
2.66	0.723861642
2.67	0.67546234
2.68	0.616410594
2.69	0.547637685
2.7	0.470228202
2.71	0.385402939
2.72	0.294499642
2.73	0.19895191
2.74	0.100266587
2.75	3.9203E-15
2.76	-0.100266587
2.77	-0.19895191
2.78	-0.294499642
2.79	-0.385402939
2.8	-0.470228202
2.81	-0.547637685
2.82	-0.616410594
2.83	-0.67546234
2.84	-0.723861642
2.85	-0.760845213
2.86	-0.785829801
2.87	-0.798421383
2.88	-0.798421383
2.89	-0.785829801
2.9	-0.760845213
2.91	-0.723861642
2.92	-0.67546234
2.93	-0.616410594
2.94	-0.547637685
2.95	-0.470228202
2.96	-0.385402939
2.97	-0.294499642
2.98	-0.19895191
2.99	-0.100266587
3	-1.17614E-15
3.01	0.100266587
3.02	0.19895191
3.03	0.294499642
3.04	0.385402939
3.05	0.470228202
3.06	0.547637685
3.07	0.616410594
3.08	0.67546234
3.09	0.723861642
3.1	0.760845213
3.11	0.785829801
3.12	0.798421383
3.13	0.798421383
3.14	0.785829801
3.15	0.760845213
3.16	0.723861642
3.17	0.67546234
3.18	0.616410594
3.19	0.547637685
3.2	0.470228202
3.21	0.385402939
3.22	0.294499642
3.23	0.19895191
3.24	0.100266587
3.25	-1.56802E-15
3.26	-0.100266587
3.27	-0.19895191
3.28	-0.294499642
3.29	-0.385402939
3.3	-0.470228202
3.31	-0.547637685
3.32	-0.616410594
3.33	-0.67546234
3.34	-0.723861642
3.35	-0.760845213
3.36	-0.785829801
3.37	-0.798421383
3.38	-0.798421383
3.39	-0.785829801
3.4	-0.760845213
3.41	-0.723861642
3.42	-0.67546234
3.43	-0.616410594
3.44	-0.547637685
3.45	-0.470228202
3.46	-0.385402939
3.47	-0.294499642
3.48	-0.19895191
3.49	-0.100266587
3.5	-1.37217E-15
3.51	0.100266587
3.52	0.19895191
3.53	0.294499642
3.54	0.385402939
3.55	0.470228202
3.56	0.547637685
3.57	0.616410594
3.58	0.67546234
3.59	0.723861642
3.6	0.760845213
3.61	0.785829801
3.62	0.798421383
3.63	0.798421383
3.64	0.785829801
3.65	0.760845213
3.66	0.723861642
3.67	0.67546234
3.68	0.616410594
3.69	0.547637685
3.7	0.470228202
3.71	0.385402939
3.72	0.294499642
3.73	0.19895191
3.74	0.100266587
3.75	4.31235E-15
3.76	-0.100266587
3.77	-0.19895191
3.78	-0.294499642
3.79	-0.385402939
3.8	-0.470228202
3.81	-0.547637685
3.82	-0.616410594
3.83	-0.67546234
3.84	-0.723861642
3.85	-0.760845213
3.86	-0.785829801
3.87	-0.798421383
3.88	-0.798421383
3.89	-0.785829801
3.9	-0.760845213
3.91	-0.723861642
3.92	-0.67546234
3.93	-0.616410594
3.94	-0.547637685
3.95	-0.470228202
3.96	-0.385402939
3.97	-0.294499642
3.98	-0.19895191
3.99	-0.100266587
4	-1.56819E-15
4.01	0.100266587
4.02	0.19895191
4.03	0.294499642
4.04	0.385402939
4.05	0.470228202
4.06	0.547637685
4.07	0.616410594
4.08	0.67546234
4.09	0.723861642
4.1	0.760845213
4.11	0.785829801
4.12	0.798421383
4.13	0.798421383
4.14	0.785829801
4.15	0.760845213
4.16	0.723861642
4.17	0.67546234
4.18	0.616410594
4.19	0.547637685
4.2	0.470228202
4.21	0.385402939
4.22	0.294499642
4.23	0.19895191
4.24	0.100266587
4.25	-1.17597E-15
4.26	-0.100266587
4.27	-0.19895191
4.28	-0.294499642
4.29	-0.385402939
4.3	-0.470228202
4.31	-0.547637685
4.32	-0.616410594
4.33	-0.67546234
4.34	-0.723861642
4.35	-0.760845213
4.36	-0.785829801
4.37	-0.798421383
4.38	-0.798421383
4.39	-0.785829801
4.4	-0.760845213
4.41	-0.723861642
4.42	-0.67546234
4.43	-0.616410594
4.44	-0.547637685
4.45	-0.470228202
4.46	-0.385402939
4.47	-0.294499642
4.48	-0.19895191
4.49	-0.100266587
4.5	-1.76421E-15
4.51	0.100266587
4.52	0.19895191
4.53	0.294499642
4.54	0.385402939
4.55	0.470228202
4.56	0.547637685
4.57	0.616410594
4.58	0.67546234
4.59	0.723861642
4.6	0.760845213
4.61	0.785829801
4.62	0.798421383
4.63	0.798421383
4.64	0.785829801
4.65	0.760845213
4.66	0.723861642
4.67	0.67546234
4.68	0.616410594
4.69	0.547637685
4.7	0.470228202
4.71	0.385402939
4.72	0.294499642
4.73	0.19895191
4.74	0.100266587
4.75	4.7044E-15
4.76	-0.100266587
4.77	-0.19895191
4.78	-0.294499642
4.79	-0.385402939
4.8	-0.470228202
4.81	-0.547637685
4.82	-0.616410594
4.83	-0.67546234
4.84	-0.723861642
4.85	-0.760845213
4.86	-0.785829801
4.87	-0.798421383
4.88	-0.798421383
4.89	-0.785829801
4.9	-0.760845213
4.91	-0.723861642
4.92	-0.67546234
4.93	-0.616410594
4.94	-0.547637685
4.95	-0.470228202
4.96	-0.385402939
4.97	-0.294499642
4.98	-0.19895191
4.99	-0.100266587
5	-1.96024E-15
5.01	0.100266587
5.02	0.19895191
5.03	0.294499642
5.04	0.385402939
5.05	0.470228202
5.06	0.547637685
5.07	0.616410594
5.08	0.67546234
5.09	0.723861642
5.1	0.760845213
5.11	0.785829801
5.12	0.798421383
5.13	0.798421383
5.14	0.785829801
5.15	0.760845213
5.16	0.723861642
5.17	0.67546234
5.18	0.616410594
5.19	0.547637685
5.2	0.470228202
5.21	0.385402939
5.22	0.294499642
5.23	0.19895191
5.24	0.100266587
5.25	-7.83922E-16
5.26	-0.100266587
5.27	-0.19895191
5.28	-0.294499642
5.29	-0.385402939
5.3	-0.470228202
5.31	-0.547637685
5.32	-0.616410594
5.33	-0.67546234
5.34	-0.723861642
5.35	-0.760845213
5.36	-0.785829801
5.37	-0.798421383
5.38	-0.798421383
5.39	-0.785829801
5.4	-0.760845213
5.41	-0.723861642
5.42	-0.67546234
5.43	-0.616410594
5.44	-0.547637685
5.45	-0.470228202
5.46	-0.385402939
5.47	-0.294499642
5.48	-0.19895191
5.49	-0.100266587
5.5	-7.8406E-15
5.51	0.100266587
5.52	0.19895191
5.53	0.294499642
5.54	0.385402939
5.55	0.470228202
5.56	0.547637685
5.57	0.616410594
5.58	0.67546234
5.59	0.723861642
5.6	0.760845213
5.61	0.785829801
5.62	0.798421383
5.63	0.798421383
5.64	0.785829801
5.65	0.760845213
5.66	0.723861642
5.67	0.67546234
5.68	0.616410594
5.69	0.547637685
5.7	0.470228202
5.71	0.385402939
5.72	0.294499642
5.73	0.19895191
5.74	0.100266587
5.75	5.09644E-15
5.76	-0.100266587
5.77	-0.19895191
5.78	-0.294499642
5.79	-0.385402939
5.8	-0.470228202
5.81	-0.547637685
5.82	-0.616410594
5.83	-0.67546234
5.84	-0.723861642
5.85	-0.760845213
5.86	-0.785829801
5.87	-0.798421383
5.88	-0.798421383
5.89	-0.785829801
5.9	-0.760845213
5.91	-0.723861642
5.92	-0.67546234
5.93	-0.616410594
5.94	-0.547637685
5.95	-0.470228202
5.96	-0.385402939
5.97	-0.294499642
5.98	-0.19895191
5.99	-0.100266587
6	-2.35229E-15
6.01	0.100266587
6.02	0.19895191
6.03	0.294499642
6.04	0.385402939
6.05	0.470228202
6.06	0.547637685
6.07	0.616410594
6.08	0.67546234
6.09	0.723861642
6.1	0.760845213
6.11	0.785829801
6.12	0.798421383
6.13	0.798421383
6.14	0.785829801
6.15	0.760845213
6.16	0.723861642
6.17	0.67546234
6.18	0.616410594
6.19	0.547637685
6.2	0.470228202
6.21	0.385402939
6.22	0.294499642
6.23	0.19895191
6.24	0.100266587
6.25	-3.91874E-16
6.26	-0.100266587
6.27	-0.19895191
6.28	-0.294499642
6.29	-0.385402939
6.3	-0.470228202
6.31	-0.547637685
6.32	-0.616410594
6.33	-0.67546234
6.34	-0.723861642
6.35	-0.760845213
6.36	-0.785829801
6.37	-0.798421383
6.38	-0.798421383
6.39	-0.785829801
6.4	-0.760845213
6.41	-0.723861642
6.42	-0.67546234
6.43	-0.616410594
6.44	-0.547637685
6.45	-0.470228202
6.46	-0.385402939
6.47	-0.294499642
6.48	-0.19895191
6.49	-0.100266587
6.5	3.13603E-15
6.51	0.100266587
6.52	0.19895191
6.53	0.294499642
6.54	0.385402939
6.55	0.470228202
6.56	0.547637685
6.57	0.616410594
6.58	0.67546234
6.59	0.723861642
6.6	0.760845213
6.61	0.785829801
6.62	0.798421383
6.63	0.798421383
6.64	0.785829801
6.65	0.760845213
6.66	0.723861642
6.67	0.67546234
6.68	0.616410594
6.69	0.547637685
6.7	0.470228202
6.71	0.385402939
6.72	0.294499642
6.73	0.19895191
6.74	0.100266587
6.75	5.48849E-15
6.76	-0.100266587
6.77	-0.19895191
6.78	-0.294499642
6.79	-0.385402939
6.8	-0.470228202
6.81	-0.547637685
6.82	-0.616410594
6.83	-0.67546234
6.84	-0.723861642
6.85	-0.760845213
6.86	-0.785829801
6.87	-0.798421383
6.88	-0.798421383
6.89	-0.785829801
6.9	-0.760845213
6.91	-0.723861642
6.92	-0.67546234
6.93	-0.616410594
6.94	-0.547637685
6.95	-0.470228202
6.96	-0.385402939
6.97	-0.294499642
6.98	-0.19895191
6.99	-0.100266587
7	-2.74433E-15
7.01	0.100266587
7.02	0.19895191
7.03	0.294499642
7.04	0.385402939
7.05	0.470228202
7.06	0.547637685
7.07	0.616410594
7.08	0.67546234
7.09	0.723861642
7.1	0.760845213
7.11	0.785829801
7.12	0.798421383
7.13	0.798421383
7.14	0.785829801
7.15	0.760845213
7.16	0.723861642
7.17	0.67546234
7.18	0.616410594
7.19	0.547637685
7.2	0.470228202
7.21	0.385402939
7.22	0.294499642
7.23	0.19895191
7.24	0.100266587
7.25	1.73472E-19
7.26	-0.100266587
7.27	-0.19895191
7.28	-0.294499642
7.29	-0.385402939
7.3	-0.470228202
7.31	-0.547637685
7.32	-0.616410594
7.33	-0.67546234
7.34	-0.723861642
7.35	-0.760845213
7.36	-0.785829801
7.37	-0.798421383
7.38	-0.798421383
7.39	-0.785829801
7.4	-0.760845213
7.41	-0.723861642
7.42	-0.67546234
7.43	-0.616410594
7.44	-0.547637685
7.45	-0.470228202
7.46	-0.385402939
7.47	-0.294499642
7.48	-0.19895191
7.49	-0.100266587
7.5	-8.6247E-15
7.51	0.100266587
7.52	0.19895191
7.53	0.294499642
7.54	0.385402939
7.55	0.470228202
7.56	0.547637685
7.57	0.616410594
7.58	0.67546234
7.59	0.723861642
7.6	0.760845213
7.61	0.785829801
7.62	0.798421383
7.63	0.798421383
7.64	0.785829801
7.65	0.760845213
7.66	0.723861642
7.67	0.67546234
7.68	0.616410594
7.69	0.547637685
7.7	0.470228202
7.71	0.385402939
7.72	0.294499642
7.73	0.19895191
7.74	0.100266587
7.75	5.88054E-15
7.76	-0.100266587
7.77	-0.19895191
7.78	-0.294499642
7.79	-0.385402939
7.8	-0.470228202
7.81	-0.547637685
7.82	-0.616410594
7.83	-0.67546234
7.84	-0.723861642
7.85	-0.760845213
7.86	-0.785829801
7.87	-0.798421383
7.88	-0.798421383
7.89	-0.785829801
7.9	-0.760845213
7.91	-0.723861642
7.92	-0.67546234
7.93	-0.616410594
7.94	-0.547637685
7.95	-0.470228202
7.96	-0.385402939
7.97	-0.294499642
7.98	-0.19895191
7.99	-0.100266587
8	-3.13638E-15
8.01	0.100266587
8.02	0.19895191
8.03	0.294499642
8.04	0.385402939
8.05	0.470228202
8.06	0.547637685
8.07	0.616410594
8.08	0.67546234
8.09	0.723861642
8.1	0.760845213
8.11	0.785829801
8.12	0.798421383
8.13	0.798421383
8.14	0.785829801
8.15	0.760845213
8.16	0.723861642
8.17	0.67546234
8.18	0.616410594
8.19	0.547637685
8.2	0.470228202
8.21	0.385402939
8.22	0.294499642
8.23	0.19895191
8.24	0.100266587
8.25	3.92221E-16
8.26	-0.100266587
8.27	-0.19895191
8.28	-0.294499642
8.29	-0.385402939
8.3	-0.470228202
8.31	-0.547637685
8.32	-0.616410594
8.33	-0.67546234
8.34	-0.723861642
8.35	-0.760845213
8.36	-0.785829801
8.37	-0.798421383
8.38	-0.798421383
8.39	-0.785829801
8.4	-0.760845213
8.41	-0.723861642
8.42	-0.67546234
8.43	-0.616410594
8.44	-0.547637685
8.45	-0.470228202
8.46	-0.385402939
8.47	-0.294499642
8.48	-0.19895191
8.49	-0.100266587
8.5	2.35194E-15
8.51	0.100266587
8.52	0.19895191
8.53	0.294499642
8.54	0.385402939
8.55	0.470228202
8.56	0.547637685
8.57	0.616410594
8.58	0.67546234
8.59	0.723861642
8.6	0.760845213
8.61	0.785829801
8.62	0.798421383
8.63	0.798421383
8.64	0.785829801
8.65	0.760845213
8.66	0.723861642
8.67	0.67546234
8.68	0.616410594
8.69	0.547637685
8.7	0.470228202
8.71	0.385402939
8.72	0.294499642
8.73	0.19895191
8.74	0.100266587
8.75	6.27259E-15
8.76	-0.100266587
8.77	-0.19895191
8.78	-0.294499642
8.79	-0.385402939
8.8	-0.470228202
8.81	-0.547637685
8.82	-0.616410594
8.83	-0.67546234
8.84	-0.723861642
8.85	-0.760845213
8.86	-0.785829801
8.87	-0.798421383
8.88	-0.798421383
8.89	-0.785829801
8.9	-0.760845213
8.91	-0.723861642
8.92	-0.67546234
8.93	-0.616410594
8.94	-0.547637685
8.95	-0.470228202
8.96	-0.385402939
8.97	-0.294499642
8.98	-0.19895191
8.99	-0.100266587
9	-3.52843E-15
9.01	0.100266587
9.02	0.19895191
9.03	0.294499642
9.04	0.385402939
9.05	0.470228202
9.06	0.547637685
9.07	0.616410594
9.08	0.67546234
9.09	0.723861642
9.1	0.760845213
9.11	0.785829801
9.12	0.798421383
9.13	0.798421383
9.14	0.785829801
9.15	0.760845213
9.16	0.723861642
9.17	0.67546234
9.18	0.616410594
9.19	0.547637685
9.2	0.470228202
9.21	0.385402939
9.22	0.294499642
9.23	0.19895191
9.24	0.100266587
9.25	7.84268E-16
9.26	-0.100266587
9.27	-0.19895191
9.28	-0.294499642
9.29	-0.385402939
9.3	-0.470228202
9.31	-0.547637685
9.32	-0.616410594
9.33	-0.67546234
9.34	-0.723861642
9.35	-0.760845213
9.36	-0.785829801
9.37	-0.798421383
9.38	-0.798421383
9.39	-0.785829801
9.4	-0.760845213
9.41	-0.723861642
9.42	-0.67546234
9.43	-0.616410594
9.44	-0.547637685
9.45	-0.470228202
9.46	-0.385402939
9.47	-0.294499642
9.48	-0.19895191
9.49	-0.100266587
9.5	-9.40879E-15
9.51	0.100266587
9.52	0.19895191
9.53	0.294499642
9.54	0.385402939
9.55	0.470228202
9.56	0.547637685
9.57	0.616410594
9.58	0.67546234
9.59	0.723861642
9.6	0.760845213
9.61	0.785829801
9.62	0.798421383
9.63	0.798421383
9.64	0.785829801
9.65	0.760845213
9.66	0.723861642
9.67	0.67546234
9.68	0.616410594
9.69	0.547637685
9.7	0.470228202
9.71	0.385402939
9.72	0.294499642
9.73	0.19895191
9.74	0.100266587
9.75	6.66463E-15
9.76	-0.100266587
9.77	-0.19895191
9.78	-0.294499642
9.79	-0.385402939
9.8	-0.470228202
9.81	-0.547637685
9.82	-0.616410594
9.83	-0.67546234
9.84	-0.723861642
9.85	-0.760845213
9.86	-0.785829801
9.87	-0.798421383
9.88	-0.798421383
9.89	-0.785829801
9.9	-0.760845213
9.91	-0.723861642
9.92	-0.67546234
9.93	-0.616410594
9.94	-0.547637685
9.95	-0.470228202
9.96	-0.385402939
9.97	-0.294499642
9.98	-0.19895191
9.99	-0.100266587
10	-3.92048E-15
10.01	0.100266587
10.02	0.19895191
10.03	0.294499642
10.04	0.385402939
10.05	0.470228202
10.06	0.547637685
10.07	0.616410594
10.08	0.67546234
10.09	0.723861642
10.1	0.760845213
10.11	0.785829801
10.12	0.798421383
10.13	0.798421383
10.14	0.785829801
10.15	0.760845213
10.16	0.723861642
10.17	0.67546234
10.18	0.616410594
10.19	0.547637685
10.2	0.470228202
10.21	0.385402939
10.22	0.294499642
10.23	0.19895191
10.24	0.100266587
10.25	1.2545E-14
10.26	-0.100266587
10.27	-0.19895191
10.28	-0.294499642
10.29	-0.385402939
10.3	-0.470228202
10.31	-0.547637685
10.32	-0.616410594
10.33	-0.67546234
10.34	-0.723861642
10.35	-0.760845213
10.36	-0.785829801
10.37	-0.798421383
10.38	-0.798421383
10.39	-0.785829801
10.4	-0.760845213
10.41	-0.723861642
10.42	-0.67546234
10.43	-0.616410594
10.44	-0.547637685
10.45	-0.470228202
10.46	-0.385402939
10.47	-0.294499642
10.48	-0.19895191
10.49	-0.100266587
10.5	1.56784E-15
10.51	0.100266587
10.52	0.19895191
10.53	0.294499642
10.54	0.385402939
10.55	0.470228202
10.56	0.547637685
10.57	0.616410594
10.58	0.67546234
10.59	0.723861642
10.6	0.760845213
10.61	0.785829801
10.62	0.798421383
10.63	0.798421383
10.64	0.785829801
10.65	0.760845213
10.66	0.723861642
10.67	0.67546234
10.68	0.616410594
10.69	0.547637685
10.7	0.470228202
10.71	0.385402939
10.72	0.294499642
10.73	0.19895191
10.74	0.100266587
10.75	7.05668E-15
10.76	-0.100266587
10.77	-0.19895191
10.78	-0.294499642
10.79	-0.385402939
10.8	-0.470228202
10.81	-0.547637685
10.82	-0.616410594
10.83	-0.67546234
10.84	-0.723861642
10.85	-0.760845213
10.86	-0.785829801
10.87	-0.798421383
10.88	-0.798421383
10.89	-0.785829801
10.9	-0.760845213
10.91	-0.723861642
10.92	-0.67546234
10.93	-0.616410594
10.94	-0.547637685
10.95	-0.470228202
10.96	-0.385402939
10.97	-0.294499642
10.98	-0.19895191
10.99	-0.100266587
11	-1.56812E-14
11.01	0.100266587
11.02	0.19895191
11.03	0.294499642
11.04	0.385402939
11.05	0.470228202
11.06	0.547637685
11.07	0.616410594
11.08	0.67546234
11.09	0.723861642
11.1	0.760845213
11.11	0.785829801
11.12	0.798421383
11.13	0.798421383
11.14	0.785829801
11.15	0.760845213
11.16	0.723861642
11.17	0.67546234
11.18	0.616410594
11.19	0.547637685
11.2	0.470228202
11.21	0.385402939
11.22	0.294499642
11.23	0.19895191
11.24	0.100266587
11.25	1.56836E-15
11.26	-0.100266587
11.27	-0.19895191
11.28	-0.294499642
11.29	-0.385402939
11.3	-0.470228202
11.31	-0.547637685
11.32	-0.616410594
11.33	-0.67546234
11.34	-0.723861642
11.35	-0.760845213
11.36	-0.785829801
11.37	-0.798421383
11.38	-0.798421383
11.39	-0.785829801
11.4	-0.760845213
11.41	-0.723861642
11.42	-0.67546234
11.43	-0.616410594
11.44	-0.547637685
11.45	-0.470228202
11.46	-0.385402939
11.47	-0.294499642
11.48	-0.19895191
11.49	-0.100266587
11.5	-1.01929E-14
11.51	0.100266587
11.52	0.19895191
11.53	0.294499642
11.54	0.385402939
11.55	0.470228202
11.56	0.547637685
11.57	0.616410594
11.58	0.67546234
11.59	0.723861642
11.6	0.760845213
11.61	0.785829801
11.62	0.798421383
11.63	0.798421383
11.64	0.785829801
11.65	0.760845213
11.66	0.723861642
11.67	0.67546234
11.68	0.616410594
11.69	0.547637685
11.7	0.470228202
11.71	0.385402939
11.72	0.294499642
11.73	0.19895191
11.74	0.100266587
11.75	-3.91995E-15
11.76	-0.100266587
11.77	-0.19895191
11.78	-0.294499642
11.79	-0.385402939
11.8	-0.470228202
11.81	-0.547637685
11.82	-0.616410594
11.83	-0.67546234
11.84	-0.723861642
11.85	-0.760845213
11.86	-0.785829801
11.87	-0.798421383
11.88	-0.798421383
11.89	-0.785829801
11.9	-0.760845213
11.91	-0.723861642
11.92	-0.67546234
11.93	-0.616410594
11.94	-0.547637685
11.95	-0.470228202
11.96	-0.385402939
11.97	-0.294499642
11.98	-0.19895191
11.99	-0.100266587
12	-4.70457E-15
12.01	0.100266587
12.02	0.19895191
12.03	0.294499642
12.04	0.385402939
12.05	0.470228202
12.06	0.547637685
12.07	0.616410594
12.08	0.67546234
12.09	0.723861642
12.1	0.760845213
12.11	0.785829801
12.12	0.798421383
12.13	0.798421383
12.14	0.785829801
12.15	0.760845213
12.16	0.723861642
12.17	0.67546234
12.18	0.616410594
12.19	0.547637685
12.2	0.470228202
12.21	0.385402939
12.22	0.294499642
12.23	0.19895191
12.24	0.100266587
12.25	1.33291E-14
12.26	-0.100266587
12.27	-0.19895191
12.28	-0.294499642
12.29	-0.385402939
12.3	-0.470228202
12.31	-0.547637685
12.32	-0.616410594
12.33	-0.67546234
12.34	-0.723861642
12.35	-0.760845213
12.36	-0.785829801
12.37	-0.798421383
12.38	-0.798421383
12.39	-0.785829801
12.4	-0.760845213
12.41	-0.723861642
12.42	-0.67546234
12.43	-0.616410594
12.44	-0.547637685
12.45	-0.470228202
12.46	-0.385402939
12.47	-0.294499642
12.48	-0.19895191
12.49	-0.100266587
12.5	7.83748E-16
12.51	0.100266587
12.52	0.19895191
12.53	0.294499642
12.54	0.385402939
12.55	0.470228202
12.56	0.547637685
12.57	0.616410594
12.58	0.67546234
12.59	0.723861642
12.6	0.760845213
12.61	0.785829801
12.62	0.798421383
12.63	0.798421383
12.64	0.785829801
12.65	0.760845213
12.66	0.723861642
12.67	0.67546234
12.68	0.616410594
12.69	0.547637685
12.7	0.470228202
12.71	0.385402939
12.72	0.294499642
12.73	0.19895191
12.74	0.100266587
12.75	7.84078E-15
12.76	-0.100266587
12.77	-0.19895191
12.78	-0.294499642
12.79	-0.385402939
12.8	-0.470228202
12.81	-0.547637685
12.82	-0.616410594
12.83	-0.67546234
12.84	-0.723861642
12.85	-0.760845213
12.86	-0.785829801
12.87	-0.798421383
12.88	-0.798421383
12.89	-0.785829801
12.9	-0.760845213
12.91	-0.723861642
12.92	-0.67546234
12.93	-0.616410594
12.94	-0.547637685
12.95	-0.470228202
12.96	-0.385402939
12.97	-0.294499642
12.98	-0.19895191
12.99	-0.100266587
13	6.27207E-15
13.01	0.100266587
13.02	0.19895191
13.03	0.294499642
13.04	0.385402939
13.05	0.470228202
13.06	0.547637685
13.07	0.616410594
13.08	0.67546234
13.09	0.723861642
13.1	0.760845213
13.11	0.785829801
13.12	0.798421383
13.13	0.798421383
13.14	0.785829801
13.15	0.760845213
13.16	0.723861642
13.17	0.67546234
13.18	0.616410594
13.19	0.547637685
13.2	0.470228202
13.21	0.385402939
13.22	0.294499642
13.23	0.19895191
13.24	0.100266587
13.25	2.35246E-15
13.26	-0.100266587
13.27	-0.19895191
13.28	-0.294499642
13.29	-0.385402939
13.3	-0.470228202
13.31	-0.547637685
13.32	-0.616410594
13.33	-0.67546234
13.34	-0.723861642
13.35	-0.760845213
13.36	-0.785829801
13.37	-0.798421383
13.38	-0.798421383
13.39	-0.785829801
13.4	-0.760845213
13.41	-0.723861642
13.42	-0.67546234
13.43	-0.616410594
13.44	-0.547637685
13.45	-0.470228202
13.46	-0.385402939
13.47	-0.294499642
13.48	-0.19895191
13.49	-0.100266587
13.5	-1.0977E-14
13.51	0.100266587
13.52	0.19895191
13.53	0.294499642
13.54	0.385402939
13.55	0.470228202
13.56	0.547637685
13.57	0.616410594
13.58	0.67546234
13.59	0.723861642
13.6	0.760845213
13.61	0.785829801
13.62	0.798421383
13.63	0.798421383
13.64	0.785829801
13.65	0.760845213
13.66	0.723861642
13.67	0.67546234
13.68	0.616410594
13.69	0.547637685
13.7	0.470228202
13.71	0.385402939
13.72	0.294499642
13.73	0.19895191
13.74	0.100266587
13.75	-3.13586E-15
13.76	-0.100266587
13.77	-0.19895191
13.78	-0.294499642
13.79	-0.385402939
13.8	-0.470228202
13.81	-0.547637685
13.82	-0.616410594
13.83	-0.67546234
13.84	-0.723861642
13.85	-0.760845213
13.86	-0.785829801
13.87	-0.798421383
13.88	-0.798421383
13.89	-0.785829801
13.9	-0.760845213
13.91	-0.723861642
13.92	-0.67546234
13.93	-0.616410594
13.94	-0.547637685
13.95	-0.470228202
13.96	-0.385402939
13.97	-0.294499642
13.98	-0.19895191
13.99	-0.100266587
14	-5.48867E-15
14.01	0.100266587
14.02	0.19895191
14.03	0.294499642
14.04	0.385402939
14.05	0.470228202
14.06	0.547637685
14.07	0.616410594
14.08	0.67546234
14.09	0.723861642
14.1	0.760845213
14.11	0.785829801
14.12	0.798421383
14.13	0.798421383
14.14	0.785829801
14.15	0.760845213
14.16	0.723861642
14.17	0.67546234
14.18	0.616410594
14.19	0.547637685
14.2	0.470228202
14.21	0.385402939
14.22	0.294499642
14.23	0.19895191
14.24	0.100266587
14.25	1.41132E-14
14.26	-0.100266587
14.27	-0.19895191
14.28	-0.294499642
14.29	-0.385402939
14.3	-0.470228202
14.31	-0.547637685
14.32	-0.616410594
14.33	-0.67546234
14.34	-0.723861642
14.35	-0.760845213
14.36	-0.785829801
14.37	-0.798421383
14.38	-0.798421383
14.39	-0.785829801
14.4	-0.760845213
14.41	-0.723861642
14.42	-0.67546234
14.43	-0.616410594
14.44	-0.547637685
14.45	-0.470228202
14.46	-0.385402939
14.47	-0.294499642
14.48	-0.19895191
14.49	-0.100266587
14.5	-3.46945E-19
14.51	0.100266587
14.52	0.19895191
14.53	0.294499642
14.54	0.385402939
14.55	0.470228202
14.56	0.547637685
14.57	0.616410594
14.58	0.67546234
14.59	0.723861642
14.6	0.760845213
14.61	0.785829801
14.62	0.798421383
14.63	0.798421383
14.64	0.785829801
14.65	0.760845213
14.66	0.723861642
14.67	0.67546234
14.68	0.616410594
14.69	0.547637685
14.7	0.470228202
14.71	0.385402939
14.72	0.294499642
14.73	0.19895191
14.74	0.100266587
14.75	8.62487E-15
14.76	-0.100266587
14.77	-0.19895191
14.78	-0.294499642
14.79	-0.385402939
14.8	-0.470228202
14.81	-0.547637685
14.82	-0.616410594
14.83	-0.67546234
14.84	-0.723861642
14.85	-0.760845213
14.86	-0.785829801
14.87	-0.798421383
14.88	-0.798421383
14.89	-0.785829801
14.9	-0.760845213
14.91	-0.723861642
14.92	-0.67546234
14.93	-0.616410594
14.94	-0.547637685
14.95	-0.470228202
14.96	-0.385402939
14.97	-0.294499642
14.98	-0.19895191
14.99	-0.100266587
15	-1.72494E-14
15.01	0.100266587
15.02	0.19895191
15.03	0.294499642
15.04	0.385402939
15.05	0.470228202
15.06	0.547637685
15.07	0.616410594
15.08	0.67546234
15.09	0.723861642
15.1	0.760845213
15.11	0.785829801
15.12	0.798421383
15.13	0.798421383
15.14	0.785829801
15.15	0.760845213
15.16	0.723861642
15.17	0.67546234
15.18	0.616410594
15.19	0.547637685
15.2	0.470228202
15.21	0.385402939
15.22	0.294499642
15.23	0.19895191
15.24	0.100266587
15.25	3.13655E-15
15.26	-0.100266587
15.27	-0.19895191
15.28	-0.294499642
15.29	-0.385402939
15.3	-0.470228202
15.31	-0.547637685
15.32	-0.616410594
15.33	-0.67546234
15.34	-0.723861642
15.35	-0.760845213
15.36	-0.785829801
15.37	-0.798421383
15.38	-0.798421383
15.39	-0.785829801
15.4	-0.760845213
15.41	-0.723861642
15.42	-0.67546234
15.43	-0.616410594
15.44	-0.547637685
15.45	-0.470228202
15.46	-0.385402939
15.47	-0.294499642
15.48	-0.19895191
15.49	-0.100266587
15.5	-1.17611E-14
15.51	0.100266587
15.52	0.19895191
15.53	0.294499642
15.54	0.385402939
15.55	0.470228202
15.56	0.547637685
15.57	0.616410594
15.58	0.67546234
15.59	0.723861642
15.6	0.760845213
15.61	0.785829801
15.62	0.798421383
15.63	0.798421383
15.64	0.785829801
15.65	0.760845213
15.66	0.723861642
15.67	0.67546234
15.68	0.616410594
15.69	0.547637685
15.7	0.470228202
15.71	0.385402939
15.72	0.294499642
15.73	0.19895191
15.74	0.100266587
15.75	-2.35176E-15
15.76	-0.100266587
15.77	-0.19895191
15.78	-0.294499642
15.79	-0.385402939
15.8	-0.470228202
15.81	-0.547637685
15.82	-0.616410594
15.83	-0.67546234
15.84	-0.723861642
15.85	-0.760845213
15.86	-0.785829801
15.87	-0.798421383
15.88	-0.798421383
15.89	-0.785829801
15.9	-0.760845213
15.91	-0.723861642
15.92	-0.67546234
15.93	-0.616410594
15.94	-0.547637685
15.95	-0.470228202
15.96	-0.385402939
15.97	-0.294499642
15.98	-0.19895191
15.99	-0.100266587
16	-6.27276E-15
16.01	0.100266587
16.02	0.19895191
16.03	0.294499642
16.04	0.385402939
16.05	0.470228202
16.06	0.547637685
16.07	0.616410594
16.08	0.67546234
16.09	0.723861642
16.1	0.760845213
16.11	0.785829801
16.12	0.798421383
16.13	0.798421383
16.14	0.785829801
16.15	0.760845213
16.16	0.723861642
16.17	0.67546234
16.18	0.616410594
16.19	0.547637685
16.2	0.470228202
16.21	0.385402939
16.22	0.294499642
16.23	0.19895191
16.24	0.100266587
16.25	1.48973E-14
16.26	-0.100266587
16.27	-0.19895191
16.28	-0.294499642
16.29	-0.385402939
16.3	-0.470228202
16.31	-0.547637685
16.32	-0.616410594
16.33	-0.67546234
16.34	-0.723861642
16.35	-0.760845213
16.36	-0.785829801
16.37	-0.798421383
16.38	-0.798421383
16.39	-0.785829801
16.4	-0.760845213
16.41	-0.723861642
16.42	-0.67546234
16.43	-0.616410594
16.44	-0.547637685
16.45	-0.470228202
16.46	-0.385402939
16.47	-0.294499642
16.48	-0.19895191
16.49	-0.100266587
16.5	-7.84442E-16
16.51	0.100266587
16.52	0.19895191
16.53	0.294499642
16.54	0.385402939
16.55	0.470228202
16.56	0.547637685
16.57	0.616410594
16.58	0.67546234
16.59	0.723861642
16.6	0.760845213
16.61	0.785829801
16.62	0.798421383
16.63	0.798421383
16.64	0.785829801
16.65	0.760845213
16.66	0.723861642
16.67	0.67546234
16.68	0.616410594
16.69	0.547637685
16.7	0.470228202
16.71	0.385402939
16.72	0.294499642
16.73	0.19895191
16.74	0.100266587
16.75	9.40897E-15
16.76	-0.100266587
16.77	-0.19895191
16.78	-0.294499642
16.79	-0.385402939
16.8	-0.470228202
16.81	-0.547637685
16.82	-0.616410594
16.83	-0.67546234
16.84	-0.723861642
16.85	-0.760845213
16.86	-0.785829801
16.87	-0.798421383
16.88	-0.798421383
16.89	-0.785829801
16.9	-0.760845213
16.91	-0.723861642
16.92	-0.67546234
16.93	-0.616410594
16.94	-0.547637685
16.95	-0.470228202
16.96	-0.385402939
16.97	-0.294499642
16.98	-0.19895191
16.99	-0.100266587
17	4.70388E-15
17.01	0.100266587
17.02	0.19895191
17.03	0.294499642
17.04	0.385402939
17.05	0.470228202
17.06	0.547637685
17.07	0.616410594
17.08	0.67546234
17.09	0.723861642
17.1	0.760845213
17.11	0.785829801
17.12	0.798421383
17.13	0.798421383
17.14	0.785829801
17.15	0.760845213
17.16	0.723861642
17.17	0.67546234
17.18	0.616410594
17.19	0.547637685
17.2	0.470228202
17.21	0.385402939
17.22	0.294499642
17.23	0.19895191
17.24	0.100266587
17.25	3.92065E-15
17.26	-0.100266587
17.27	-0.19895191
17.28	-0.294499642
17.29	-0.385402939
17.3	-0.470228202
17.31	-0.547637685
17.32	-0.616410594
17.33	-0.67546234
17.34	-0.723861642
17.35	-0.760845213
17.36	-0.785829801
17.37	-0.798421383
17.38	-0.798421383
17.39	-0.785829801
17.4	-0.760845213
17.41	-0.723861642
17.42	-0.67546234
17.43	-0.616410594
17.44	-0.547637685
17.45	-0.470228202
17.46	-0.385402939
17.47	-0.294499642
17.48	-0.19895191
17.49	-0.100266587
17.5	-1.25452E-14
17.51	0.100266587
17.52	0.19895191
17.53	0.294499642
17.54	0.385402939
17.55	0.470228202
17.56	0.547637685
17.57	0.616410594
17.58	0.67546234
17.59	0.723861642
17.6	0.760845213
17.61	0.785829801
17.62	0.798421383
17.63	0.798421383
17.64	0.785829801
17.65	0.760845213
17.66	0.723861642
17.67	0.67546234
17.68	0.616410594
17.69	0.547637685
17.7	0.470228202
17.71	0.385402939
17.72	0.294499642
17.73	0.19895191
17.74	0.100266587
17.75	-1.56767E-15
17.76	-0.100266587
17.77	-0.19895191
17.78	-0.294499642
17.79	-0.385402939
17.8	-0.470228202
17.81	-0.547637685
17.82	-0.616410594
17.83	-0.67546234
17.84	-0.723861642
17.85	-0.760845213
17.86	-0.785829801
17.87	-0.798421383
17.88	-0.798421383
17.89	-0.785829801
17.9	-0.760845213
17.91	-0.723861642
17.92	-0.67546234
17.93	-0.616410594
17.94	-0.547637685
17.95	-0.470228202
17.96	-0.385402939
17.97	-0.294499642
17.98	-0.19895191
17.99	-0.100266587
18	-7.05686E-15
18.01	0.100266587
18.02	0.19895191
18.03	0.294499642
18.04	0.385402939
18.05	0.470228202
18.06	0.547637685
18.07	0.616410594
18.08	0.67546234
18.09	0.723861642
18.1	0.760845213
18.11	0.785829801
18.12	0.798421383
18.13	0.798421383
18.14	0.785829801
18.15	0.760845213
18.16	0.723861642
18.17	0.67546234
18.18	0.616410594
18.19	0.547637685
18.2	0.470228202
18.21	0.385402939
18.22	0.294499642
18.23	0.19895191
18.24	0.100266587
18.25	1.56814E-14
18.26	-0.100266587
18.27	-0.19895191
18.28	-0.294499642
18.29	-0.385402939
18.3	-0.470228202
18.31	-0.547637685
18.32	-0.616410594
18.33	-0.67546234
18.34	-0.723861642
18.35	-0.760845213
18.36	-0.785829801
18.37	-0.798421383
18.38	-0.798421383
18.39	-0.785829801
18.4	-0.760845213
18.41	-0.723861642
18.42	-0.67546234
18.43	-0.616410594
18.44	-0.547637685
18.45	-0.470228202
18.46	-0.385402939
18.47	-0.294499642
18.48	-0.19895191
18.49	-0.100266587
18.5	-1.56854E-15
18.51	0.100266587
18.52	0.19895191
18.53	0.294499642
18.54	0.385402939
18.55	0.470228202
18.56	0.547637685
18.57	0.616410594
18.58	0.67546234
18.59	0.723861642
18.6	0.760845213
18.61	0.785829801
18.62	0.798421383
18.63	0.798421383
18.64	0.785829801
18.65	0.760845213
18.66	0.723861642
18.67	0.67546234
18.68	0.616410594
18.69	0.547637685
18.7	0.470228202
18.71	0.385402939
18.72	0.294499642
18.73	0.19895191
18.74	0.100266587
18.75	1.01931E-14
18.76	-0.100266587
18.77	-0.19895191
18.78	-0.294499642
18.79	-0.385402939
18.8	-0.470228202
18.81	-0.547637685
18.82	-0.616410594
18.83	-0.67546234
18.84	-0.723861642
18.85	-0.760845213
18.86	-0.785829801
18.87	-0.798421383
18.88	-0.798421383
18.89	-0.785829801
18.9	-0.760845213
18.91	-0.723861642
18.92	-0.67546234
18.93	-0.616410594
18.94	-0.547637685
18.95	-0.470228202
18.96	-0.385402939
18.97	-0.294499642
18.98	-0.19895191
18.99	-0.100266587
19	-1.88176E-14
19.01	0.100266587
19.02	0.19895191
19.03	0.294499642
19.04	0.385402939
19.05	0.470228202
19.06	0.547637685
19.07	0.616410594
19.08	0.67546234
19.09	0.723861642
19.1	0.760845213
19.11	0.785829801
19.12	0.798421383
19.13	0.798421383
19.14	0.785829801
19.15	0.760845213
19.16	0.723861642
19.17	0.67546234
19.18	0.616410594
19.19	0.547637685
19.2	0.470228202
19.21	0.385402939
19.22	0.294499642
19.23	0.19895191
19.24	0.100266587
19.25	4.70474E-15
19.26	-0.100266587
19.27	-0.19895191
19.28	-0.294499642
19.29	-0.385402939
19.3	-0.470228202
19.31	-0.547637685
19.32	-0.616410594
19.33	-0.67546234
19.34	-0.723861642
19.35	-0.760845213
19.36	-0.785829801
19.37	-0.798421383
19.38	-0.798421383
19.39	-0.785829801
19.4	-0.760845213
19.41	-0.723861642
19.42	-0.67546234
19.43	-0.616410594
19.44	-0.547637685
19.45	-0.470228202
19.46	-0.385402939
19.47	-0.294499642
19.48	-0.19895191
19.49	-0.100266587
19.5	-1.33293E-14
19.51	0.100266587
19.52	0.19895191
19.53	0.294499642
19.54	0.385402939
19.55	0.470228202
19.56	0.547637685
19.57	0.616410594
19.58	0.67546234
19.59	0.723861642
19.6	0.760845213
19.61	0.785829801
19.62	0.798421383
19.63	0.798421383
19.64	0.785829801
19.65	0.760845213
19.66	0.723861642
19.67	0.67546234
19.68	0.616410594
19.69	0.547637685
19.7	0.470228202
19.71	0.385402939
19.72	0.294499642
19.73	0.19895191
19.74	0.100266587
19.75	-7.83575E-16
19.76	-0.100266587
19.77	-0.19895191
19.78	-0.294499642
19.79	-0.385402939
19.8	-0.470228202
19.81	-0.547637685
19.82	-0.616410594
19.83	-0.67546234
19.84	-0.723861642
19.85	-0.760845213
19.86	-0.785829801
19.87	-0.798421383
19.88	-0.798421383
19.89	-0.785829801
19.9	-0.760845213
19.91	-0.723861642
19.92	-0.67546234
19.93	-0.616410594
19.94	-0.547637685
19.95	-0.470228202
19.96	-0.385402939
19.97	-0.294499642
19.98	-0.19895191
19.99	-0.100266587
20	-7.84095E-15
20.01	0.100266587
20.02	0.19895191
20.03	0.294499642
20.04	0.385402939
20.05	0.470228202
20.06	0.547637685
20.07	0.616410594
20.08	0.67546234
20.09	0.723861642
20.1	0.760845213
20.11	0.785829801
20.12	0.798421383
20.13	0.798421383
20.14	0.785829801
20.15	0.760845213
20.16	0.723861642
20.17	0.67546234
20.18	0.616410594
20.19	0.547637685
20.2	0.470228202
20.21	0.385402939
20.22	0.294499642
20.23	0.19895191
20.24	0.100266587
20.25	1.64655E-14
20.26	-0.100266587
20.27	-0.19895191
20.28	-0.294499642
20.29	-0.385402939
20.3	-0.470228202
20.31	-0.547637685
20.32	-0.616410594
20.33	-0.67546234
20.34	-0.723861642
20.35	-0.760845213
20.36	-0.785829801
20.37	-0.798421383
20.38	-0.798421383
20.39	-0.785829801
20.4	-0.760845213
20.41	-0.723861642
20.42	-0.67546234
20.43	-0.616410594
20.44	-0.547637685
20.45	-0.470228202
20.46	-0.385402939
20.47	-0.294499642
20.48	-0.19895191
20.49	-0.100266587
20.5	-2.509E-14
20.51	0.100266587
20.52	0.19895191
20.53	0.294499642
20.54	0.385402939
20.55	0.470228202
20.56	0.547637685
20.57	0.616410594
20.58	0.67546234
20.59	0.723861642
20.6	0.760845213
20.61	0.785829801
20.62	0.798421383
20.63	0.798421383
20.64	0.785829801
20.65	0.760845213
20.66	0.723861642
20.67	0.67546234
20.68	0.616410594
20.69	0.547637685
20.7	0.470228202
20.71	0.385402939
20.72	0.294499642
20.73	0.19895191
20.74	0.100266587
20.75	-1.17602E-14
20.76	-0.100266587
20.77	-0.19895191
20.78	-0.294499642
20.79	-0.385402939
20.8	-0.470228202
20.81	-0.547637685
20.82	-0.616410594
20.83	-0.67546234
20.84	-0.723861642
20.85	-0.760845213
20.86	-0.785829801
20.87	-0.798421383
20.88	-0.798421383
20.89	-0.785829801
20.9	-0.760845213
20.91	-0.723861642
20.92	-0.67546234
20.93	-0.616410594
20.94	-0.547637685
20.95	-0.470228202
20.96	-0.385402939
20.97	-0.294499642
20.98	-0.19895191
20.99	-0.100266587
21	3.13569E-15
21.01	0.100266587
21.02	0.19895191
21.03	0.294499642
21.04	0.385402939
21.05	0.470228202
21.06	0.547637685
21.07	0.616410594
21.08	0.67546234
21.09	0.723861642
21.1	0.760845213
21.11	0.785829801
21.12	0.798421383
21.13	0.798421383
21.14	0.785829801
21.15	0.760845213
21.16	0.723861642
21.17	0.67546234
21.18	0.616410594
21.19	0.547637685
21.2	0.470228202
21.21	0.385402939
21.22	0.294499642
21.23	0.19895191
21.24	0.100266587
21.25	5.48884E-15
21.26	-0.100266587
21.27	-0.19895191
21.28	-0.294499642
21.29	-0.385402939
21.3	-0.470228202
21.31	-0.547637685
21.32	-0.616410594
21.33	-0.67546234
21.34	-0.723861642
21.35	-0.760845213
21.36	-0.785829801
21.37	-0.798421383
21.38	-0.798421383
21.39	-0.785829801
21.4	-0.760845213
21.41	-0.723861642
21.42	-0.67546234
21.43	-0.616410594
21.44	-0.547637685
21.45	-0.470228202
21.46	-0.385402939
21.47	-0.294499642
21.48	-0.19895191
21.49	-0.100266587
21.5	-1.41134E-14
21.51	0.100266587
21.52	0.19895191
21.53	0.294499642
21.54	0.385402939
21.55	0.470228202
21.56	0.547637685
21.57	0.616410594
21.58	0.67546234
21.59	0.723861642
21.6	0.760845213
21.61	0.785829801
21.62	0.798421383
21.63	0.798421383
21.64	0.785829801
21.65	0.760845213
21.66	0.723861642
21.67	0.67546234
21.68	0.616410594
21.69	0.547637685
21.7	0.470228202
21.71	0.385402939
21.72	0.294499642
21.73	0.19895191
21.74	0.100266587
21.75	2.27379E-14
21.76	-0.100266587
21.77	-0.19895191
21.78	-0.294499642
21.79	-0.385402939
21.8	-0.470228202
21.81	-0.547637685
21.82	-0.616410594
21.83	-0.67546234
21.84	-0.723861642
21.85	-0.760845213
21.86	-0.785829801
21.87	-0.798421383
21.88	-0.798421383
21.89	-0.785829801
21.9	-0.760845213
21.91	-0.723861642
21.92	-0.67546234
21.93	-0.616410594
21.94	-0.547637685
21.95	-0.470228202
21.96	-0.385402939
21.97	-0.294499642
21.98	-0.19895191
21.99	-0.100266587
22	-3.13624E-14
22.01	0.100266587
22.02	0.19895191
22.03	0.294499642
22.04	0.385402939
22.05	0.470228202
22.06	0.547637685
22.07	0.616410594
22.08	0.67546234
22.09	0.723861642
22.1	0.760845213
22.11	0.785829801
22.12	0.798421383
22.13	0.798421383
22.14	0.785829801
22.15	0.760845213
22.16	0.723861642
22.17	0.67546234
22.18	0.616410594
22.19	0.547637685
22.2	0.470228202
22.21	0.385402939
22.22	0.294499642
22.23	0.19895191
22.24	0.100266587
22.25	-5.4878E-15
22.26	-0.100266587
22.27	-0.19895191
22.28	-0.294499642
22.29	-0.385402939
22.3	-0.470228202
22.31	-0.547637685
22.32	-0.616410594
22.33	-0.67546234
22.34	-0.723861642
22.35	-0.760845213
22.36	-0.785829801
22.37	-0.798421383
22.38	-0.798421383
22.39	-0.785829801
22.4	-0.760845213
22.41	-0.723861642
22.42	-0.67546234
22.43	-0.616410594
22.44	-0.547637685
22.45	-0.470228202
22.46	-0.385402939
22.47	-0.294499642
22.48	-0.19895191
22.49	-0.100266587
22.5	-3.13673E-15
22.51	0.100266587
22.52	0.19895191
22.53	0.294499642
22.54	0.385402939
22.55	0.470228202
22.56	0.547637685
22.57	0.616410594
22.58	0.67546234
22.59	0.723861642
22.6	0.760845213
22.61	0.785829801
22.62	0.798421383
22.63	0.798421383
22.64	0.785829801
22.65	0.760845213
22.66	0.723861642
22.67	0.67546234
22.68	0.616410594
22.69	0.547637685
22.7	0.470228202
22.71	0.385402939
22.72	0.294499642
22.73	0.19895191
22.74	0.100266587
22.75	1.17613E-14
22.76	-0.100266587
22.77	-0.19895191
22.78	-0.294499642
22.79	-0.385402939
22.8	-0.470228202
22.81	-0.547637685
22.82	-0.616410594
22.83	-0.67546234
22.84	-0.723861642
22.85	-0.760845213
22.86	-0.785829801
22.87	-0.798421383
22.88	-0.798421383
22.89	-0.785829801
22.9	-0.760845213
22.91	-0.723861642
22.92	-0.67546234
22.93	-0.616410594
22.94	-0.547637685
22.95	-0.470228202
22.96	-0.385402939
22.97	-0.294499642
22.98	-0.19895191
22.99	-0.100266587
23	-2.03858E-14
23.01	0.100266587
23.02	0.19895191
23.03	0.294499642
23.04	0.385402939
23.05	0.470228202
23.06	0.547637685
23.07	0.616410594
23.08	0.67546234
23.09	0.723861642
23.1	0.760845213
23.11	0.785829801
23.12	0.798421383
23.13	0.798421383
23.14	0.785829801
23.15	0.760845213
23.16	0.723861642
23.17	0.67546234
23.18	0.616410594
23.19	0.547637685
23.2	0.470228202
23.21	0.385402939
23.22	0.294499642
23.23	0.19895191
23.24	0.100266587
23.25	2.90103E-14
23.26	-0.100266587
23.27	-0.19895191
23.28	-0.294499642
23.29	-0.385402939
23.3	-0.470228202
23.31	-0.547637685
23.32	-0.616410594
23.33	-0.67546234
23.34	-0.723861642
23.35	-0.760845213
23.36	-0.785829801
23.37	-0.798421383
23.38	-0.798421383
23.39	-0.785829801
23.4	-0.760845213
23.41	-0.723861642
23.42	-0.67546234
23.43	-0.616410594
23.44	-0.547637685
23.45	-0.470228202
23.46	-0.385402939
23.47	-0.294499642
23.48	-0.19895191
23.49	-0.100266587
23.5	7.83991E-15
23.51	0.100266587
23.52	0.19895191
23.53	0.294499642
23.54	0.385402939
23.55	0.470228202
23.56	0.547637685
23.57	0.616410594
23.58	0.67546234
23.59	0.723861642
23.6	0.760845213
23.61	0.785829801
23.62	0.798421383
23.63	0.798421383
23.64	0.785829801
23.65	0.760845213
23.66	0.723861642
23.67	0.67546234
23.68	0.616410594
23.69	0.547637685
23.7	0.470228202
23.71	0.385402939
23.72	0.294499642
23.73	0.19895191
23.74	0.100266587
23.75	7.84615E-16
23.76	-0.100266587
23.77	-0.19895191
23.78	-0.294499642
23.79	-0.385402939
23.8	-0.470228202
23.81	-0.547637685
23.82	-0.616410594
23.83	-0.67546234
23.84	-0.723861642
23.85	-0.760845213
23.86	-0.785829801
23.87	-0.798421383
23.88	-0.798421383
23.89	-0.785829801
23.9	-0.760845213
23.91	-0.723861642
23.92	-0.67546234
23.93	-0.616410594
23.94	-0.547637685
23.95	-0.470228202
23.96	-0.385402939
23.97	-0.294499642
23.98	-0.19895191
23.99	-0.100266587
24	-9.40914E-15
24.01	0.100266587
24.02	0.19895191
24.03	0.294499642
24.04	0.385402939
24.05	0.470228202
24.06	0.547637685
24.07	0.616410594
24.08	0.67546234
24.09	0.723861642
24.1	0.760845213
24.11	0.785829801
24.12	0.798421383
24.13	0.798421383
24.14	0.785829801
24.15	0.760845213
24.16	0.723861642
24.17	0.67546234
24.18	0.616410594
24.19	0.547637685
24.2	0.470228202
24.21	0.385402939
24.22	0.294499642
24.23	0.19895191
24.24	0.100266587
24.25	1.80337E-14
24.26	-0.100266587
24.27	-0.19895191
24.28	-0.294499642
24.29	-0.385402939
24.3	-0.470228202
24.31	-0.547637685
24.32	-0.616410594
24.33	-0.67546234
24.34	-0.723861642
24.35	-0.760845213
24.36	-0.785829801
24.37	-0.798421383
24.38	-0.798421383
24.39	-0.785829801
24.4	-0.760845213
24.41	-0.723861642
24.42	-0.67546234
24.43	-0.616410594
24.44	-0.547637685
24.45	-0.470228202
24.46	-0.385402939
24.47	-0.294499642
24.48	-0.19895191
24.49	-0.100266587
24.5	-2.66582E-14
24.51	0.100266587
24.52	0.19895191
24.53	0.294499642
24.54	0.385402939
24.55	0.470228202
24.56	0.547637685
24.57	0.616410594
24.58	0.67546234
24.59	0.723861642
24.6	0.760845213
24.61	0.785829801
24.62	0.798421383
24.63	0.798421383
24.64	0.785829801
24.65	0.760845213
24.66	0.723861642
24.67	0.67546234
24.68	0.616410594
24.69	0.547637685
24.7	0.470228202
24.71	0.385402939
24.72	0.294499642
24.73	0.19895191
24.74	0.100266587
24.75	-1.0192E-14
24.76	-0.100266587
24.77	-0.19895191
24.78	-0.294499642
24.79	-0.385402939
24.8	-0.470228202
24.81	-0.547637685
24.82	-0.616410594
24.83	-0.67546234
24.84	-0.723861642
24.85	-0.760845213
24.86	-0.785829801
24.87	-0.798421383
24.88	-0.798421383
24.89	-0.785829801
24.9	-0.760845213
24.91	-0.723861642
24.92	-0.67546234
24.93	-0.616410594
24.94	-0.547637685
24.95	-0.470228202
24.96	-0.385402939
24.97	-0.294499642
24.98	-0.19895191
24.99	-0.100266587
25	1.5675E-15
25.01	0.100266587
25.02	0.19895191
25.03	0.294499642
25.04	0.385402939
25.05	0.470228202
25.06	0.547637685
25.07	0.616410594
25.08	0.67546234
25.09	0.723861642
25.1	0.760845213
25.11	0.785829801
25.12	0.798421383
25.13	0.798421383
25.14	0.785829801
25.15	0.760845213
25.16	0.723861642
25.17	0.67546234
25.18	0.616410594
25.19	0.547637685
25.2	0.470228202
25.21	0.385402939
25.22	0.294499642
25.23	0.19895191
25.24	0.100266587
25.25	7.05703E-15
25.26	-0.100266587
25.27	-0.19895191
25.28	-0.294499642
25.29	-0.385402939
25.3	-0.470228202
25.31	-0.547637685
25.32	-0.616410594
25.33	-0.67546234
25.34	-0.723861642
25.35	-0.760845213
25.36	-0.785829801
25.37	-0.798421383
25.38	-0.798421383
25.39	-0.785829801
25.4	-0.760845213
25.41	-0.723861642
25.42	-0.67546234
25.43	-0.616410594
25.44	-0.547637685
25.45	-0.470228202
25.46	-0.385402939
25.47	-0.294499642
25.48	-0.19895191
25.49	-0.100266587
25.5	-1.56816E-14
25.51	0.100266587
25.52	0.19895191
25.53	0.294499642
25.54	0.385402939
25.55	0.470228202
25.56	0.547637685
25.57	0.616410594
25.58	0.67546234
25.59	0.723861642
25.6	0.760845213
25.61	0.785829801
25.62	0.798421383
25.63	0.798421383
25.64	0.785829801
25.65	0.760845213
25.66	0.723861642
25.67	0.67546234
25.68	0.616410594
25.69	0.547637685
25.7	0.470228202
25.71	0.385402939
25.72	0.294499642
25.73	0.19895191
25.74	0.100266587
25.75	2.43061E-14
25.76	-0.100266587
25.77	-0.19895191
25.78	-0.294499642
25.79	-0.385402939
25.8	-0.470228202
25.81	-0.547637685
25.82	-0.616410594
25.83	-0.67546234
25.84	-0.723861642
25.85	-0.760845213
25.86	-0.785829801
25.87	-0.798421383
25.88	-0.798421383
25.89	-0.785829801
25.9	-0.760845213
25.91	-0.723861642
25.92	-0.67546234
25.93	-0.616410594
25.94	-0.547637685
25.95	-0.470228202
25.96	-0.385402939
25.97	-0.294499642
25.98	-0.19895191
25.99	-0.100266587
26	1.25441E-14
26.01	0.100266587
26.02	0.19895191
26.03	0.294499642
26.04	0.385402939
26.05	0.470228202
26.06	0.547637685
26.07	0.616410594
26.08	0.67546234
26.09	0.723861642
26.1	0.760845213
26.11	0.785829801
26.12	0.798421383
26.13	0.798421383
26.14	0.785829801
26.15	0.760845213
26.16	0.723861642
26.17	0.67546234
26.18	0.616410594
26.19	0.547637685
26.2	0.470228202
26.21	0.385402939
26.22	0.294499642
26.23	0.19895191
26.24	0.100266587
26.25	-3.91961E-15
26.26	-0.100266587
26.27	-0.19895191
26.28	-0.294499642
26.29	-0.385402939
26.3	-0.470228202
26.31	-0.547637685
26.32	-0.616410594
26.33	-0.67546234
26.34	-0.723861642
26.35	-0.760845213
26.36	-0.785829801
26.37	-0.798421383
26.38	-0.798421383
26.39	-0.785829801
26.4	-0.760845213
26.41	-0.723861642
26.42	-0.67546234
26.43	-0.616410594
26.44	-0.547637685
26.45	-0.470228202
26.46	-0.385402939
26.47	-0.294499642
26.48	-0.19895191
26.49	-0.100266587
26.5	-4.70492E-15
26.51	0.100266587
26.52	0.19895191
26.53	0.294499642
26.54	0.385402939
26.55	0.470228202
26.56	0.547637685
26.57	0.616410594
26.58	0.67546234
26.59	0.723861642
26.6	0.760845213
26.61	0.785829801
26.62	0.798421383
26.63	0.798421383
26.64	0.785829801
26.65	0.760845213
26.66	0.723861642
26.67	0.67546234
26.68	0.616410594
26.69	0.547637685
26.7	0.470228202
26.71	0.385402939
26.72	0.294499642
26.73	0.19895191
26.74	0.100266587
26.75	1.33294E-14
26.76	-0.100266587
26.77	-0.19895191
26.78	-0.294499642
26.79	-0.385402939
26.8	-0.470228202
26.81	-0.547637685
26.82	-0.616410594
26.83	-0.67546234
26.84	-0.723861642
26.85	-0.760845213
26.86	-0.785829801
26.87	-0.798421383
26.88	-0.798421383
26.89	-0.785829801
26.9	-0.760845213
26.91	-0.723861642
26.92	-0.67546234
26.93	-0.616410594
26.94	-0.547637685
26.95	-0.470228202
26.96	-0.385402939
26.97	-0.294499642
26.98	-0.19895191
26.99	-0.100266587
27	-2.1954E-14
27.01	0.100266587
27.02	0.19895191
27.03	0.294499642
27.04	0.385402939
27.05	0.470228202
27.06	0.547637685
27.07	0.616410594
27.08	0.67546234
27.09	0.723861642
27.1	0.760845213
27.11	0.785829801
27.12	0.798421383
27.13	0.798421383
27.14	0.785829801
27.15	0.760845213
27.16	0.723861642
27.17	0.67546234
27.18	0.616410594
27.19	0.547637685
27.2	0.470228202
27.21	0.385402939
27.22	0.294499642
27.23	0.19895191
27.24	0.100266587
27.25	3.05785E-14
27.26	-0.100266587
27.27	-0.19895191
27.28	-0.294499642
27.29	-0.385402939
27.3	-0.470228202
27.31	-0.547637685
27.32	-0.616410594
27.33	-0.67546234
27.34	-0.723861642
27.35	-0.760845213
27.36	-0.785829801
27.37	-0.798421383
27.38	-0.798421383
27.39	-0.785829801
27.4	-0.760845213
27.41	-0.723861642
27.42	-0.67546234
27.43	-0.616410594
27.44	-0.547637685
27.45	-0.470228202
27.46	-0.385402939
27.47	-0.294499642
27.48	-0.19895191
27.49	-0.100266587
27.5	6.27172E-15
27.51	0.100266587
27.52	0.19895191
27.53	0.294499642
27.54	0.385402939
27.55	0.470228202
27.56	0.547637685
27.57	0.616410594
27.58	0.67546234
27.59	0.723861642
27.6	0.760845213
27.61	0.785829801
27.62	0.798421383
27.63	0.798421383
27.64	0.785829801
27.65	0.760845213
27.66	0.723861642
27.67	0.67546234
27.68	0.616410594
27.69	0.547637685
27.7	0.470228202
27.71	0.385402939
27.72	0.294499642
27.73	0.19895191
27.74	0.100266587
27.75	2.35281E-15
27.76	-0.100266587
27.77	-0.19895191
27.78	-0.294499642
27.79	-0.385402939
27.8	-0.470228202
27.81	-0.547637685
27.82	-0.616410594
27.83	-0.67546234
27.84	-0.723861642
27.85	-0.760845213
27.86	-0.785829801
27.87	-0.798421383
27.88	-0.798421383
27.89	-0.785829801
27.9	-0.760845213
27.91	-0.723861642
27.92	-0.67546234
27.93	-0.616410594
27.94	-0.547637685
27.95	-0.470228202
27.96	-0.385402939
27.97	-0.294499642
27.98	-0.19895191
27.99	-0.100266587
28	-1.09773E-14
28.01	0.100266587
28.02	0.19895191
28.03	0.294499642
28.04	0.385402939
28.05	0.470228202
28.06	0.547637685
28.07	0.616410594
28.08	0.67546234
28.09	0.723861642
28.1	0.760845213
28.11	0.785829801
28.12	0.798421383
28.13	0.798421383
28.14	0.785829801
28.15	0.760845213
28.16	0.723861642
28.17	0.67546234
28.18	0.616410594
28.19	0.547637685
28.2	0.470228202
28.21	0.385402939
28.22	0.294499642
28.23	0.19895191
28.24	0.100266587
28.25	1.96019E-14
28.26	-0.100266587
28.27	-0.19895191
28.28	-0.294499642
28.29	-0.385402939
28.3	-0.470228202
28.31	-0.547637685
28.32	-0.616410594
28.33	-0.67546234
28.34	-0.723861642
28.35	-0.760845213
28.36	-0.785829801
28.37	-0.798421383
28.38	-0.798421383
28.39	-0.785829801
28.4	-0.760845213
28.41	-0.723861642
28.42	-0.67546234
28.43	-0.616410594
28.44	-0.547637685
28.45	-0.470228202
28.46	-0.385402939
28.47	-0.294499642
28.48	-0.19895191
28.49	-0.100266587
28.5	-2.82264E-14
28.51	0.100266587
28.52	0.19895191
28.53	0.294499642
28.54	0.385402939
28.55	0.470228202
28.56	0.547637685
28.57	0.616410594
28.58	0.67546234
28.59	0.723861642
28.6	0.760845213
28.61	0.785829801
28.62	0.798421383
28.63	0.798421383
28.64	0.785829801
28.65	0.760845213
28.66	0.723861642
28.67	0.67546234
28.68	0.616410594
28.69	0.547637685
28.7	0.470228202
28.71	0.385402939
28.72	0.294499642
28.73	0.19895191
28.74	0.100266587
28.75	-8.62383E-15
28.76	-0.100266587
28.77	-0.19895191
28.78	-0.294499642
28.79	-0.385402939
28.8	-0.470228202
28.81	-0.547637685
28.82	-0.616410594
28.83	-0.67546234
28.84	-0.723861642
28.85	-0.760845213
28.86	-0.785829801
28.87	-0.798421383
28.88	-0.798421383
28.89	-0.785829801
28.9	-0.760845213
28.91	-0.723861642
28.92	-0.67546234
28.93	-0.616410594
28.94	-0.547637685
28.95	-0.470228202
28.96	-0.385402939
28.97	-0.294499642
28.98	-0.19895191
28.99	-0.100266587
29	-6.93889E-19
29.01	0.100266587
29.02	0.19895191
29.03	0.294499642
29.04	0.385402939
29.05	0.470228202
29.06	0.547637685
29.07	0.616410594
29.08	0.67546234
29.09	0.723861642
29.1	0.760845213
29.11	0.785829801
29.12	0.798421383
29.13	0.798421383
29.14	0.785829801
29.15	0.760845213
29.16	0.723861642
29.17	0.67546234
29.18	0.616410594
29.19	0.547637685
29.2	0.470228202
29.21	0.385402939
29.22	0.294499642
29.23	0.19895191
29.24	0.100266587
29.25	8.62522E-15
29.26	-0.100266587
29.27	-0.19895191
29.28	-0.294499642
29.29	-0.385402939
29.3	-0.470228202
29.31	-0.547637685
29.32	-0.616410594
29.33	-0.67546234
29.34	-0.723861642
29.35	-0.760845213
29.36	-0.785829801
29.37	-0.798421383
29.38	-0.798421383
29.39	-0.785829801
29.4	-0.760845213
29.41	-0.723861642
29.42	-0.67546234
29.43	-0.616410594
29.44	-0.547637685
29.45	-0.470228202
29.46	-0.385402939
29.47	-0.294499642
29.48	-0.19895191
29.49	-0.100266587
29.5	-1.72497E-14
29.51	0.100266587
29.52	0.19895191
29.53	0.294499642
29.54	0.385402939
29.55	0.470228202
29.56	0.547637685
29.57	0.616410594
29.58	0.67546234
29.59	0.723861642
29.6	0.760845213
29.61	0.785829801
29.62	0.798421383
29.63	0.798421383
29.64	0.785829801
29.65	0.760845213
29.66	0.723861642
29.67	0.67546234
29.68	0.616410594
29.69	0.547637685
29.7	0.470228202
29.71	0.385402939
29.72	0.294499642
29.73	0.19895191
29.74	0.100266587
29.75	2.58743E-14
29.76	-0.100266587
29.77	-0.19895191
29.78	-0.294499642
29.79	-0.385402939
29.8	-0.470228202
29.81	-0.547637685
29.82	-0.616410594
29.83	-0.67546234
29.84	-0.723861642
29.85	-0.760845213
29.86	-0.785829801
29.87	-0.798421383
29.88	-0.798421383
29.89	-0.785829801
29.9	-0.760845213
29.91	-0.723861642
29.92	-0.67546234
29.93	-0.616410594
29.94	-0.547637685
29.95	-0.470228202
29.96	-0.385402939
29.97	-0.294499642
29.98	-0.19895191
29.99	-0.100266587
30	-3.44988E-14
30.01	0.100266587
30.02	0.19895191
30.03	0.294499642
30.04	0.385402939
30.05	0.470228202
30.06	0.547637685
30.07	0.616410594
30.08	0.67546234
30.09	0.723861642
30.1	0.760845213
30.11	0.785829801
30.12	0.798421383
30.13	0.798421383
30.14	0.785829801
30.15	0.760845213
30.16	0.723861642
30.17	0.67546234
30.18	0.616410594
30.19	0.547637685
30.2	0.470228202
30.21	0.385402939
30.22	0.294499642
30.23	0.19895191
30.24	0.100266587
30.25	-2.35142E-15
30.26	-0.100266587
30.27	-0.19895191
30.28	-0.294499642
30.29	-0.385402939
30.3	-0.470228202
30.31	-0.547637685
30.32	-0.616410594
30.33	-0.67546234
30.34	-0.723861642
30.35	-0.760845213
30.36	-0.785829801
30.37	-0.798421383
30.38	-0.798421383
30.39	-0.785829801
30.4	-0.760845213
30.41	-0.723861642
30.42	-0.67546234
30.43	-0.616410594
30.44	-0.547637685
30.45	-0.470228202
30.46	-0.385402939
30.47	-0.294499642
30.48	-0.19895191
30.49	-0.100266587
30.5	-6.27311E-15
30.51	0.100266587
30.52	0.19895191
30.53	0.294499642
30.54	0.385402939
30.55	0.470228202
30.56	0.547637685
30.57	0.616410594
30.58	0.67546234
30.59	0.723861642
30.6	0.760845213
30.61	0.785829801
30.62	0.798421383
30.63	0.798421383
30.64	0.785829801
30.65	0.760845213
30.66	0.723861642
30.67	0.67546234
30.68	0.616410594
30.69	0.547637685
30.7	0.470228202
30.71	0.385402939
30.72	0.294499642
30.73	0.19895191
30.74	0.100266587
30.75	1.48976E-14
30.76	-0.100266587
30.77	-0.19895191
30.78	-0.294499642
30.79	-0.385402939
30.8	-0.470228202
30.81	-0.547637685
30.82	-0.616410594
30.83	-0.67546234
30.84	-0.723861642
30.85	-0.760845213
30.86	-0.785829801
30.87	-0.798421383
30.88	-0.798421383
30.89	-0.785829801
30.9	-0.760845213
30.91	-0.723861642
30.92	-0.67546234
30.93	-0.616410594
30.94	-0.547637685
30.95	-0.470228202
30.96	-0.385402939
30.97	-0.294499642
30.98	-0.19895191
30.99	-0.100266587
31	-2.35222E-14
31.01	0.100266587
31.02	0.19895191
31.03	0.294499642
31.04	0.385402939
31.05	0.470228202
31.06	0.547637685
31.07	0.616410594
31.08	0.67546234
31.09	0.723861642
31.1	0.760845213
31.11	0.785829801
31.12	0.798421383
31.13	0.798421383
31.14	0.785829801
31.15	0.760845213
31.16	0.723861642
31.17	0.67546234
31.18	0.616410594
31.19	0.547637685
31.2	0.470228202
31.21	0.385402939
31.22	0.294499642
31.23	0.19895191
31.24	0.100266587
31.25	3.21467E-14
31.26	-0.100266587
31.27	-0.19895191
31.28	-0.294499642
31.29	-0.385402939
31.3	-0.470228202
31.31	-0.547637685
31.32	-0.616410594
31.33	-0.67546234
31.34	-0.723861642
31.35	-0.760845213
31.36	-0.785829801
31.37	-0.798421383
31.38	-0.798421383
31.39	-0.785829801
31.4	-0.760845213
31.41	-0.723861642
31.42	-0.67546234
31.43	-0.616410594
31.44	-0.547637685
31.45	-0.470228202
31.46	-0.385402939
31.47	-0.294499642
31.48	-0.19895191
31.49	-0.100266587
31.5	4.70353E-15
31.51	0.100266587
31.52	0.19895191
31.53	0.294499642
31.54	0.385402939
31.55	0.470228202
31.56	0.547637685
31.57	0.616410594
31.58	0.67546234
31.59	0.723861642
31.6	0.760845213
31.61	0.785829801
31.62	0.798421383
31.63	0.798421383
31.64	0.785829801
31.65	0.760845213
31.66	0.723861642
31.67	0.67546234
31.68	0.616410594
31.69	0.547637685
31.7	0.470228202
31.71	0.385402939
31.72	0.294499642
31.73	0.19895191
31.74	0.100266587
31.75	3.921E-15
31.76	-0.100266587
31.77	-0.19895191
31.78	-0.294499642
31.79	-0.385402939
31.8	-0.470228202
31.81	-0.547637685
31.82	-0.616410594
31.83	-0.67546234
31.84	-0.723861642
31.85	-0.760845213
31.86	-0.785829801
31.87	-0.798421383
31.88	-0.798421383
31.89	-0.785829801
31.9	-0.760845213
31.91	-0.723861642
31.92	-0.67546234
31.93	-0.616410594
31.94	-0.547637685
31.95	-0.470228202
31.96	-0.385402939
31.97	-0.294499642
31.98	-0.19895191
31.99	-0.100266587
32	-1.25455E-14
32.01	0.100266587
32.02	0.19895191
32.03	0.294499642
32.04	0.385402939
32.05	0.470228202
32.06	0.547637685
32.07	0.616410594
32.08	0.67546234
32.09	0.723861642
32.1	0.760845213
32.11	0.785829801
32.12	0.798421383
32.13	0.798421383
32.14	0.785829801
32.15	0.760845213
32.16	0.723861642
32.17	0.67546234
32.18	0.616410594
32.19	0.547637685
32.2	0.470228202
32.21	0.385402939
32.22	0.294499642
32.23	0.19895191
32.24	0.100266587
32.25	2.117E-14
32.26	-0.100266587
32.27	-0.19895191
32.28	-0.294499642
32.29	-0.385402939
32.3	-0.470228202
32.31	-0.547637685
32.32	-0.616410594
32.33	-0.67546234
32.34	-0.723861642
32.35	-0.760845213
32.36	-0.785829801
32.37	-0.798421383
32.38	-0.798421383
32.39	-0.785829801
32.4	-0.760845213
32.41	-0.723861642
32.42	-0.67546234
32.43	-0.616410594
32.44	-0.547637685
32.45	-0.470228202
32.46	-0.385402939
32.47	-0.294499642
32.48	-0.19895191
32.49	-0.100266587
32.5	-2.97946E-14
32.51	0.100266587
32.52	0.19895191
32.53	0.294499642
32.54	0.385402939
32.55	0.470228202
32.56	0.547637685
32.57	0.616410594
32.58	0.67546234
32.59	0.723861642
32.6	0.760845213
32.61	0.785829801
32.62	0.798421383
32.63	0.798421383
32.64	0.785829801
32.65	0.760845213
32.66	0.723861642
32.67	0.67546234
32.68	0.616410594
32.69	0.547637685
32.7	0.470228202
32.71	0.385402939
32.72	0.294499642
32.73	0.19895191
32.74	0.100266587
32.75	-7.05564E-15
32.76	-0.100266587
32.77	-0.19895191
32.78	-0.294499642
32.79	-0.385402939
32.8	-0.470228202
32.81	-0.547637685
32.82	-0.616410594
32.83	-0.67546234
32.84	-0.723861642
32.85	-0.760845213
32.86	-0.785829801
32.87	-0.798421383
32.88	-0.798421383
32.89	-0.785829801
32.9	-0.760845213
32.91	-0.723861642
32.92	-0.67546234
32.93	-0.616410594
32.94	-0.547637685
32.95	-0.470228202
32.96	-0.385402939
32.97	-0.294499642
32.98	-0.19895191
32.99	-0.100266587
33	-1.56888E-15
33.01	0.100266587
33.02	0.19895191
33.03	0.294499642
33.04	0.385402939
33.05	0.470228202
33.06	0.547637685
33.07	0.616410594
33.08	0.67546234
33.09	0.723861642
33.1	0.760845213
33.11	0.785829801
33.12	0.798421383
33.13	0.798421383
33.14	0.785829801
33.15	0.760845213
33.16	0.723861642
33.17	0.67546234
33.18	0.616410594
33.19	0.547637685
33.2	0.470228202
33.21	0.385402939
33.22	0.294499642
33.23	0.19895191
33.24	0.100266587
33.25	1.01934E-14
33.26	-0.100266587
33.27	-0.19895191
33.28	-0.294499642
33.29	-0.385402939
33.3	-0.470228202
33.31	-0.547637685
33.32	-0.616410594
33.33	-0.67546234
33.34	-0.723861642
33.35	-0.760845213
33.36	-0.785829801
33.37	-0.798421383
33.38	-0.798421383
33.39	-0.785829801
33.4	-0.760845213
33.41	-0.723861642
33.42	-0.67546234
33.43	-0.616410594
33.44	-0.547637685
33.45	-0.470228202
33.46	-0.385402939
33.47	-0.294499642
33.48	-0.19895191
33.49	-0.100266587
33.5	-1.88179E-14
33.51	0.100266587
33.52	0.19895191
33.53	0.294499642
33.54	0.385402939
33.55	0.470228202
33.56	0.547637685
33.57	0.616410594
33.58	0.67546234
33.59	0.723861642
33.6	0.760845213
33.61	0.785829801
33.62	0.798421383
33.63	0.798421383
33.64	0.785829801
33.65	0.760845213
33.66	0.723861642
33.67	0.67546234
33.68	0.616410594
33.69	0.547637685
33.7	0.470228202
33.71	0.385402939
33.72	0.294499642
33.73	0.19895191
33.74	0.100266587
33.75	2.74425E-14
33.76	-0.100266587
33.77	-0.19895191
33.78	-0.294499642
33.79	-0.385402939
33.8	-0.470228202
33.81	-0.547637685
33.82	-0.616410594
33.83	-0.67546234
33.84	-0.723861642
33.85	-0.760845213
33.86	-0.785829801
33.87	-0.798421383
33.88	-0.798421383
33.89	-0.785829801
33.9	-0.760845213
33.91	-0.723861642
33.92	-0.67546234
33.93	-0.616410594
33.94	-0.547637685
33.95	-0.470228202
33.96	-0.385402939
33.97	-0.294499642
33.98	-0.19895191
33.99	-0.100266587
34	9.40775E-15
34.01	0.100266587
34.02	0.19895191
34.03	0.294499642
34.04	0.385402939
34.05	0.470228202
34.06	0.547637685
34.07	0.616410594
34.08	0.67546234
34.09	0.723861642
34.1	0.760845213
34.11	0.785829801
34.12	0.798421383
34.13	0.798421383
34.14	0.785829801
34.15	0.760845213
34.16	0.723861642
34.17	0.67546234
34.18	0.616410594
34.19	0.547637685
34.2	0.470228202
34.21	0.385402939
34.22	0.294499642
34.23	0.19895191
34.24	0.100266587
34.25	-7.83228E-16
34.26	-0.100266587
34.27	-0.19895191
34.28	-0.294499642
34.29	-0.385402939
34.3	-0.470228202
34.31	-0.547637685
34.32	-0.616410594
34.33	-0.67546234
34.34	-0.723861642
34.35	-0.760845213
34.36	-0.785829801
34.37	-0.798421383
34.38	-0.798421383
34.39	-0.785829801
34.4	-0.760845213
34.41	-0.723861642
34.42	-0.67546234
34.43	-0.616410594
34.44	-0.547637685
34.45	-0.470228202
34.46	-0.385402939
34.47	-0.294499642
34.48	-0.19895191
34.49	-0.100266587
34.5	-7.8413E-15
34.51	0.100266587
34.52	0.19895191
34.53	0.294499642
34.54	0.385402939
34.55	0.470228202
34.56	0.547637685
34.57	0.616410594
34.58	0.67546234
34.59	0.723861642
34.6	0.760845213
34.61	0.785829801
34.62	0.798421383
34.63	0.798421383
34.64	0.785829801
34.65	0.760845213
34.66	0.723861642
34.67	0.67546234
34.68	0.616410594
34.69	0.547637685
34.7	0.470228202
34.71	0.385402939
34.72	0.294499642
34.73	0.19895191
34.74	0.100266587
34.75	1.64658E-14
34.76	-0.100266587
34.77	-0.19895191
34.78	-0.294499642
34.79	-0.385402939
34.8	-0.470228202
34.81	-0.547637685
34.82	-0.616410594
34.83	-0.67546234
34.84	-0.723861642
34.85	-0.760845213
34.86	-0.785829801
34.87	-0.798421383
34.88	-0.798421383
34.89	-0.785829801
34.9	-0.760845213
34.91	-0.723861642
34.92	-0.67546234
34.93	-0.616410594
34.94	-0.547637685
34.95	-0.470228202
34.96	-0.385402939
34.97	-0.294499642
34.98	-0.19895191
34.99	-0.100266587
35	-2.50903E-14
35.01	0.100266587
35.02	0.19895191
35.03	0.294499642
35.04	0.385402939
35.05	0.470228202
35.06	0.547637685
35.07	0.616410594
35.08	0.67546234
35.09	0.723861642
35.1	0.760845213
35.11	0.785829801
35.12	0.798421383
35.13	0.798421383
35.14	0.785829801
35.15	0.760845213
35.16	0.723861642
35.17	0.67546234
35.18	0.616410594
35.19	0.547637685
35.2	0.470228202
35.21	0.385402939
35.22	0.294499642
35.23	0.19895191
35.24	0.100266587
35.25	3.37149E-14
35.26	-0.100266587
35.27	-0.19895191
35.28	-0.294499642
35.29	-0.385402939
35.3	-0.470228202
35.31	-0.547637685
35.32	-0.616410594
35.33	-0.67546234
35.34	-0.723861642
35.35	-0.760845213
35.36	-0.785829801
35.37	-0.798421383
35.38	-0.798421383
35.39	-0.785829801
35.4	-0.760845213
35.41	-0.723861642
35.42	-0.67546234
35.43	-0.616410594
35.44	-0.547637685
35.45	-0.470228202
35.46	-0.385402939
35.47	-0.294499642
35.48	-0.19895191
35.49	-0.100266587
35.5	3.13534E-15
35.51	0.100266587
35.52	0.19895191
35.53	0.294499642
35.54	0.385402939
35.55	0.470228202
35.56	0.547637685
35.57	0.616410594
35.58	0.67546234
35.59	0.723861642
35.6	0.760845213
35.61	0.785829801
35.62	0.798421383
35.63	0.798421383
35.64	0.785829801
35.65	0.760845213
35.66	0.723861642
35.67	0.67546234
35.68	0.616410594
35.69	0.547637685
35.7	0.470228202
35.71	0.385402939
35.72	0.294499642
35.73	0.19895191
35.74	0.100266587
35.75	5.48919E-15
35.76	-0.100266587
35.77	-0.19895191
35.78	-0.294499642
35.79	-0.385402939
35.8	-0.470228202
35.81	-0.547637685
35.82	-0.616410594
35.83	-0.67546234
35.84	-0.723861642
35.85	-0.760845213
35.86	-0.785829801
35.87	-0.798421383
35.88	-0.798421383
35.89	-0.785829801
35.9	-0.760845213
35.91	-0.723861642
35.92	-0.67546234
35.93	-0.616410594
35.94	-0.547637685
35.95	-0.470228202
35.96	-0.385402939
35.97	-0.294499642
35.98	-0.19895191
35.99	-0.100266587
36	-1.41137E-14
36.01	0.100266587
36.02	0.19895191
36.03	0.294499642
36.04	0.385402939
36.05	0.470228202
36.06	0.547637685
36.07	0.616410594
36.08	0.67546234
36.09	0.723861642
36.1	0.760845213
36.11	0.785829801
36.12	0.798421383
36.13	0.798421383
36.14	0.785829801
36.15	0.760845213
36.16	0.723861642
36.17	0.67546234
36.18	0.616410594
36.19	0.547637685
36.2	0.470228202
36.21	0.385402939
36.22	0.294499642
36.23	0.19895191
36.24	0.100266587
36.25	2.27382E-14
36.26	-0.100266587
36.27	-0.19895191
36.28	-0.294499642
36.29	-0.385402939
36.3	-0.470228202
36.31	-0.547637685
36.32	-0.616410594
36.33	-0.67546234
36.34	-0.723861642
36.35	-0.760845213
36.36	-0.785829801
36.37	-0.798421383
36.38	-0.798421383
36.39	-0.785829801
36.4	-0.760845213
36.41	-0.723861642
36.42	-0.67546234
36.43	-0.616410594
36.44	-0.547637685
36.45	-0.470228202
36.46	-0.385402939
36.47	-0.294499642
36.48	-0.19895191
36.49	-0.100266587
36.5	-3.13628E-14
36.51	0.100266587
36.52	0.19895191
36.53	0.294499642
36.54	0.385402939
36.55	0.470228202
36.56	0.547637685
36.57	0.616410594
36.58	0.67546234
36.59	0.723861642
36.6	0.760845213
36.61	0.785829801
36.62	0.798421383
36.63	0.798421383
36.64	0.785829801
36.65	0.760845213
36.66	0.723861642
36.67	0.67546234
36.68	0.616410594
36.69	0.547637685
36.7	0.470228202
36.71	0.385402939
36.72	0.294499642
36.73	0.19895191
36.74	0.100266587
36.75	-5.48745E-15
36.76	-0.100266587
36.77	-0.19895191
36.78	-0.294499642
36.79	-0.385402939
36.8	-0.470228202
36.81	-0.547637685
36.82	-0.616410594
36.83	-0.67546234
36.84	-0.723861642
36.85	-0.760845213
36.86	-0.785829801
36.87	-0.798421383
36.88	-0.798421383
36.89	-0.785829801
36.9	-0.760845213
36.91	-0.723861642
36.92	-0.67546234
36.93	-0.616410594
36.94	-0.547637685
36.95	-0.470228202
36.96	-0.385402939
36.97	-0.294499642
36.98	-0.19895191
36.99	-0.100266587
37	-3.13707E-15
37.01	0.100266587
37.02	0.19895191
37.03	0.294499642
37.04	0.385402939
37.05	0.470228202
37.06	0.547637685
37.07	0.616410594
37.08	0.67546234
37.09	0.723861642
37.1	0.760845213
37.11	0.785829801
37.12	0.798421383
37.13	0.798421383
37.14	0.785829801
37.15	0.760845213
37.16	0.723861642
37.17	0.67546234
37.18	0.616410594
37.19	0.547637685
37.2	0.470228202
37.21	0.385402939
37.22	0.294499642
37.23	0.19895191
37.24	0.100266587
37.25	1.17616E-14
37.26	-0.100266587
37.27	-0.19895191
37.28	-0.294499642
37.29	-0.385402939
37.3	-0.470228202
37.31	-0.547637685
37.32	-0.616410594
37.33	-0.67546234
37.34	-0.723861642
37.35	-0.760845213
37.36	-0.785829801
37.37	-0.798421383
37.38	-0.798421383
37.39	-0.785829801
37.4	-0.760845213
37.41	-0.723861642
37.42	-0.67546234
37.43	-0.616410594
37.44	-0.547637685
37.45	-0.470228202
37.46	-0.385402939
37.47	-0.294499642
37.48	-0.19895191
37.49	-0.100266587
37.5	-2.03861E-14
37.51	0.100266587
37.52	0.19895191
37.53	0.294499642
37.54	0.385402939
37.55	0.470228202
37.56	0.547637685
37.57	0.616410594
37.58	0.67546234
37.59	0.723861642
37.6	0.760845213
37.61	0.785829801
37.62	0.798421383
37.63	0.798421383
37.64	0.785829801
37.65	0.760845213
37.66	0.723861642
37.67	0.67546234
37.68	0.616410594
37.69	0.547637685
37.7	0.470228202
37.71	0.385402939
37.72	0.294499642
37.73	0.19895191
37.74	0.100266587
37.75	2.90106E-14
37.76	-0.100266587
37.77	-0.19895191
37.78	-0.294499642
37.79	-0.385402939
37.8	-0.470228202
37.81	-0.547637685
37.82	-0.616410594
37.83	-0.67546234
37.84	-0.723861642
37.85	-0.760845213
37.86	-0.785829801
37.87	-0.798421383
37.88	-0.798421383
37.89	-0.785829801
37.9	-0.760845213
37.91	-0.723861642
37.92	-0.67546234
37.93	-0.616410594
37.94	-0.547637685
37.95	-0.470228202
37.96	-0.385402939
37.97	-0.294499642
37.98	-0.19895191
37.99	-0.100266587
38	-3.76352E-14
38.01	0.100266587
38.02	0.19895191
38.03	0.294499642
38.04	0.385402939
38.05	0.470228202
38.06	0.547637685
38.07	0.616410594
38.08	0.67546234
38.09	0.723861642
38.1	0.760845213
38.11	0.785829801
38.12	0.798421383
38.13	0.798421383
38.14	0.785829801
38.15	0.760845213
38.16	0.723861642
38.17	0.67546234
38.18	0.616410594
38.19	0.547637685
38.2	0.470228202
38.21	0.385402939
38.22	0.294499642
38.23	0.19895191
38.24	0.100266587
38.25	7.84962E-16
38.26	-0.100266587
38.27	-0.19895191
38.28	-0.294499642
38.29	-0.385402939
38.3	-0.470228202
38.31	-0.547637685
38.32	-0.616410594
38.33	-0.67546234
38.34	-0.723861642
38.35	-0.760845213
38.36	-0.785829801
38.37	-0.798421383
38.38	-0.798421383
38.39	-0.785829801
38.4	-0.760845213
38.41	-0.723861642
38.42	-0.67546234
38.43	-0.616410594
38.44	-0.547637685
38.45	-0.470228202
38.46	-0.385402939
38.47	-0.294499642
38.48	-0.19895191
38.49	-0.100266587
38.5	-9.40949E-15
38.51	0.100266587
38.52	0.19895191
38.53	0.294499642
38.54	0.385402939
38.55	0.470228202
38.56	0.547637685
38.57	0.616410594
38.58	0.67546234
38.59	0.723861642
38.6	0.760845213
38.61	0.785829801
38.62	0.798421383
38.63	0.798421383
38.64	0.785829801
38.65	0.760845213
38.66	0.723861642
38.67	0.67546234
38.68	0.616410594
38.69	0.547637685
38.7	0.470228202
38.71	0.385402939
38.72	0.294499642
38.73	0.19895191
38.74	0.100266587
38.75	1.8034E-14
38.76	-0.100266587
38.77	-0.19895191
38.78	-0.294499642
38.79	-0.385402939
38.8	-0.470228202
38.81	-0.547637685
38.82	-0.616410594
38.83	-0.67546234
38.84	-0.723861642
38.85	-0.760845213
38.86	-0.785829801
38.87	-0.798421383
38.88	-0.798421383
38.89	-0.785829801
38.9	-0.760845213
38.91	-0.723861642
38.92	-0.67546234
38.93	-0.616410594
38.94	-0.547637685
38.95	-0.470228202
38.96	-0.385402939
38.97	-0.294499642
38.98	-0.19895191
38.99	-0.100266587
39	-2.66585E-14
39.01	0.100266587
39.02	0.19895191
39.03	0.294499642
39.04	0.385402939
39.05	0.470228202
39.06	0.547637685
39.07	0.616410594
39.08	0.67546234
39.09	0.723861642
39.1	0.760845213
39.11	0.785829801
39.12	0.798421383
39.13	0.798421383
39.14	0.785829801
39.15	0.760845213
39.16	0.723861642
39.17	0.67546234
39.18	0.616410594
39.19	0.547637685
39.2	0.470228202
39.21	0.385402939
39.22	0.294499642
39.23	0.19895191
39.24	0.100266587
39.25	3.52831E-14
39.26	-0.100266587
39.27	-0.19895191
39.28	-0.294499642
39.29	-0.385402939
39.3	-0.470228202
39.31	-0.547637685
39.32	-0.616410594
39.33	-0.67546234
39.34	-0.723861642
39.35	-0.760845213
39.36	-0.785829801
39.37	-0.798421383
39.38	-0.798421383
39.39	-0.785829801
39.4	-0.760845213
39.41	-0.723861642
39.42	-0.67546234
39.43	-0.616410594
39.44	-0.547637685
39.45	-0.470228202
39.46	-0.385402939
39.47	-0.294499642
39.48	-0.19895191
39.49	-0.100266587
39.5	1.56715E-15
39.51	0.100266587
39.52	0.19895191
39.53	0.294499642
39.54	0.385402939
39.55	0.470228202
39.56	0.547637685
39.57	0.616410594
39.58	0.67546234
39.59	0.723861642
39.6	0.760845213
39.61	0.785829801
39.62	0.798421383
39.63	0.798421383
39.64	0.785829801
39.65	0.760845213
39.66	0.723861642
39.67	0.67546234
39.68	0.616410594
39.69	0.547637685
39.7	0.470228202
39.71	0.385402939
39.72	0.294499642
39.73	0.19895191
39.74	0.100266587
39.75	7.05738E-15
39.76	-0.100266587
39.77	-0.19895191
39.78	-0.294499642
39.79	-0.385402939
39.8	-0.470228202
39.81	-0.547637685
39.82	-0.616410594
39.83	-0.67546234
39.84	-0.723861642
39.85	-0.760845213
39.86	-0.785829801
39.87	-0.798421383
39.88	-0.798421383
39.89	-0.785829801
39.9	-0.760845213
39.91	-0.723861642
39.92	-0.67546234
39.93	-0.616410594
39.94	-0.547637685
39.95	-0.470228202
39.96	-0.385402939
39.97	-0.294499642
39.98	-0.19895191
39.99	-0.100266587
40	-1.56819E-14
40.01	0.100266587
40.02	0.19895191
40.03	0.294499642
40.04	0.385402939
40.05	0.470228202
40.06	0.547637685
40.07	0.616410594
40.08	0.67546234
40.09	0.723861642
40.1	0.760845213
40.11	0.785829801
40.12	0.798421383
40.13	0.798421383
40.14	0.785829801
40.15	0.760845213
40.16	0.723861642
40.17	0.67546234
40.18	0.616410594
40.19	0.547637685
40.2	0.470228202
40.21	0.385402939
40.22	0.294499642
40.23	0.19895191
40.24	0.100266587
40.25	2.43064E-14
40.26	-0.100266587
40.27	-0.19895191
40.28	-0.294499642
40.29	-0.385402939
40.3	-0.470228202
40.31	-0.547637685
40.32	-0.616410594
40.33	-0.67546234
40.34	-0.723861642
40.35	-0.760845213
40.36	-0.785829801
40.37	-0.798421383
40.38	-0.798421383
40.39	-0.785829801
40.4	-0.760845213
40.41	-0.723861642
40.42	-0.67546234
40.43	-0.616410594
40.44	-0.547637685
40.45	-0.470228202
40.46	-0.385402939
40.47	-0.294499642
40.48	-0.19895191
40.49	-0.100266587
40.5	-3.29309E-14
40.51	0.100266587
40.52	0.19895191
40.53	0.294499642
40.54	0.385402939
40.55	0.470228202
40.56	0.547637685
40.57	0.616410594
40.58	0.67546234
40.59	0.723861642
40.6	0.760845213
40.61	0.785829801
40.62	0.798421383
40.63	0.798421383
40.64	0.785829801
40.65	0.760845213
40.66	0.723861642
40.67	0.67546234
40.68	0.616410594
40.69	0.547637685
40.7	0.470228202
40.71	0.385402939
40.72	0.294499642
40.73	0.19895191
40.74	0.100266587
40.75	4.15555E-14
40.76	-0.100266587
40.77	-0.19895191
40.78	-0.294499642
40.79	-0.385402939
40.8	-0.470228202
40.81	-0.547637685
40.82	-0.616410594
40.83	-0.67546234
40.84	-0.723861642
40.85	-0.760845213
40.86	-0.785829801
40.87	-0.798421383
40.88	-0.798421383
40.89	-0.785829801
40.9	-0.760845213
40.91	-0.723861642
40.92	-0.67546234
40.93	-0.616410594
40.94	-0.547637685
40.95	-0.470228202
40.96	-0.385402939
40.97	-0.294499642
40.98	-0.19895191
40.99	-0.100266587
41	-5.018E-14
41.01	0.100266587
41.02	0.19895191
41.03	0.294499642
41.04	0.385402939
41.05	0.470228202
41.06	0.547637685
41.07	0.616410594
41.08	0.67546234
41.09	0.723861642
41.1	0.760845213
41.11	0.785829801
41.12	0.798421383
41.13	0.798421383
41.14	0.785829801
41.15	0.760845213
41.16	0.723861642
41.17	0.67546234
41.18	0.616410594
41.19	0.547637685
41.2	0.470228202
41.21	0.385402939
41.22	0.294499642
41.23	0.19895191
41.24	0.100266587
41.25	5.88045E-14
41.26	-0.100266587
41.27	-0.19895191
41.28	-0.294499642
41.29	-0.385402939
41.3	-0.470228202
41.31	-0.547637685
41.32	-0.616410594
41.33	-0.67546234
41.34	-0.723861642
41.35	-0.760845213
41.36	-0.785829801
41.37	-0.798421383
41.38	-0.798421383
41.39	-0.785829801
41.4	-0.760845213
41.41	-0.723861642
41.42	-0.67546234
41.43	-0.616410594
41.44	-0.547637685
41.45	-0.470228202
41.46	-0.385402939
41.47	-0.294499642
41.48	-0.19895191
41.49	-0.100266587
41.5	2.35204E-14
41.51	0.100266587
41.52	0.19895191
41.53	0.294499642
41.54	0.385402939
41.55	0.470228202
41.56	0.547637685
41.57	0.616410594
41.58	0.67546234
41.59	0.723861642
41.6	0.760845213
41.61	0.785829801
41.62	0.798421383
41.63	0.798421383
41.64	0.785829801
41.65	0.760845213
41.66	0.723861642
41.67	0.67546234
41.68	0.616410594
41.69	0.547637685
41.7	0.470228202
41.71	0.385402939
41.72	0.294499642
41.73	0.19895191
41.74	0.100266587
41.75	-1.48959E-14
41.76	-0.100266587
41.77	-0.19895191
41.78	-0.294499642
41.79	-0.385402939
41.8	-0.470228202
41.81	-0.547637685
41.82	-0.616410594
41.83	-0.67546234
41.84	-0.723861642
41.85	-0.760845213
41.86	-0.785829801
41.87	-0.798421383
41.88	-0.798421383
41.89	-0.785829801
41.9	-0.760845213
41.91	-0.723861642
41.92	-0.67546234
41.93	-0.616410594
41.94	-0.547637685
41.95	-0.470228202
41.96	-0.385402939
41.97	-0.294499642
41.98	-0.19895191
41.99	-0.100266587
42	6.27137E-15
42.01	0.100266587
42.02	0.19895191
42.03	0.294499642
42.04	0.385402939
42.05	0.470228202
42.06	0.547637685
42.07	0.616410594
42.08	0.67546234
42.09	0.723861642
42.1	0.760845213
42.11	0.785829801
42.12	0.798421383
42.13	0.798421383
42.14	0.785829801
42.15	0.760845213
42.16	0.723861642
42.17	0.67546234
42.18	0.616410594
42.19	0.547637685
42.2	0.470228202
42.21	0.385402939
42.22	0.294499642
42.23	0.19895191
42.24	0.100266587
42.25	2.35315E-15
42.26	-0.100266587
42.27	-0.19895191
42.28	-0.294499642
42.29	-0.385402939
42.3	-0.470228202
42.31	-0.547637685
42.32	-0.616410594
42.33	-0.67546234
42.34	-0.723861642
42.35	-0.760845213
42.36	-0.785829801
42.37	-0.798421383
42.38	-0.798421383
42.39	-0.785829801
42.4	-0.760845213
42.41	-0.723861642
42.42	-0.67546234
42.43	-0.616410594
42.44	-0.547637685
42.45	-0.470228202
42.46	-0.385402939
42.47	-0.294499642
42.48	-0.19895191
42.49	-0.100266587
42.5	-1.09777E-14
42.51	0.100266587
42.52	0.19895191
42.53	0.294499642
42.54	0.385402939
42.55	0.470228202
42.56	0.547637685
42.57	0.616410594
42.58	0.67546234
42.59	0.723861642
42.6	0.760845213
42.61	0.785829801
42.62	0.798421383
42.63	0.798421383
42.64	0.785829801
42.65	0.760845213
42.66	0.723861642
42.67	0.67546234
42.68	0.616410594
42.69	0.547637685
42.7	0.470228202
42.71	0.385402939
42.72	0.294499642
42.73	0.19895191
42.74	0.100266587
42.75	1.96022E-14
42.76	-0.100266587
42.77	-0.19895191
42.78	-0.294499642
42.79	-0.385402939
42.8	-0.470228202
42.81	-0.547637685
42.82	-0.616410594
42.83	-0.67546234
42.84	-0.723861642
42.85	-0.760845213
42.86	-0.785829801
42.87	-0.798421383
42.88	-0.798421383
42.89	-0.785829801
42.9	-0.760845213
42.91	-0.723861642
42.92	-0.67546234
42.93	-0.616410594
42.94	-0.547637685
42.95	-0.470228202
42.96	-0.385402939
42.97	-0.294499642
42.98	-0.19895191
42.99	-0.100266587
43	-2.82267E-14
43.01	0.100266587
43.02	0.19895191
43.03	0.294499642
43.04	0.385402939
43.05	0.470228202
43.06	0.547637685
43.07	0.616410594
43.08	0.67546234
43.09	0.723861642
43.1	0.760845213
43.11	0.785829801
43.12	0.798421383
43.13	0.798421383
43.14	0.785829801
43.15	0.760845213
43.16	0.723861642
43.17	0.67546234
43.18	0.616410594
43.19	0.547637685
43.2	0.470228202
43.21	0.385402939
43.22	0.294499642
43.23	0.19895191
43.24	0.100266587
43.25	3.68513E-14
43.26	-0.100266587
43.27	-0.19895191
43.28	-0.294499642
43.29	-0.385402939
43.3	-0.470228202
43.31	-0.547637685
43.32	-0.616410594
43.33	-0.67546234
43.34	-0.723861642
43.35	-0.760845213
43.36	-0.785829801
43.37	-0.798421383
43.38	-0.798421383
43.39	-0.785829801
43.4	-0.760845213
43.41	-0.723861642
43.42	-0.67546234
43.43	-0.616410594
43.44	-0.547637685
43.45	-0.470228202
43.46	-0.385402939
43.47	-0.294499642
43.48	-0.19895191
43.49	-0.100266587
43.5	-4.54758E-14
43.51	0.100266587
43.52	0.19895191
43.53	0.294499642
43.54	0.385402939
43.55	0.470228202
43.56	0.547637685
43.57	0.616410594
43.58	0.67546234
43.59	0.723861642
43.6	0.760845213
43.61	0.785829801
43.62	0.798421383
43.63	0.798421383
43.64	0.785829801
43.65	0.760845213
43.66	0.723861642
43.67	0.67546234
43.68	0.616410594
43.69	0.547637685
43.7	0.470228202
43.71	0.385402939
43.72	0.294499642
43.73	0.19895191
43.74	0.100266587
43.75	5.41003E-14
43.76	-0.100266587
43.77	-0.19895191
43.78	-0.294499642
43.79	-0.385402939
43.8	-0.470228202
43.81	-0.547637685
43.82	-0.616410594
43.83	-0.67546234
43.84	-0.723861642
43.85	-0.760845213
43.86	-0.785829801
43.87	-0.798421383
43.88	-0.798421383
43.89	-0.785829801
43.9	-0.760845213
43.91	-0.723861642
43.92	-0.67546234
43.93	-0.616410594
43.94	-0.547637685
43.95	-0.470228202
43.96	-0.385402939
43.97	-0.294499642
43.98	-0.19895191
43.99	-0.100266587
44	-6.27248E-14
44.01	0.100266587
44.02	0.19895191
44.03	0.294499642
44.04	0.385402939
44.05	0.470228202
44.06	0.547637685
44.07	0.616410594
44.08	0.67546234
44.09	0.723861642
44.1	0.760845213
44.11	0.785829801
44.12	0.798421383
44.13	0.798421383
44.14	0.785829801
44.15	0.760845213
44.16	0.723861642
44.17	0.67546234
44.18	0.616410594
44.19	0.547637685
44.2	0.470228202
44.21	0.385402939
44.22	0.294499642
44.23	0.19895191
44.24	0.100266587
44.25	-1.96001E-14
44.26	-0.100266587
44.27	-0.19895191
44.28	-0.294499642
44.29	-0.385402939
44.3	-0.470228202
44.31	-0.547637685
44.32	-0.616410594
44.33	-0.67546234
44.34	-0.723861642
44.35	-0.760845213
44.36	-0.785829801
44.37	-0.798421383
44.38	-0.798421383
44.39	-0.785829801
44.4	-0.760845213
44.41	-0.723861642
44.42	-0.67546234
44.43	-0.616410594
44.44	-0.547637685
44.45	-0.470228202
44.46	-0.385402939
44.47	-0.294499642
44.48	-0.19895191
44.49	-0.100266587
44.5	1.09756E-14
44.51	0.100266587
44.52	0.19895191
44.53	0.294499642
44.54	0.385402939
44.55	0.470228202
44.56	0.547637685
44.57	0.616410594
44.58	0.67546234
44.59	0.723861642
44.6	0.760845213
44.61	0.785829801
44.62	0.798421383
44.63	0.798421383
44.64	0.785829801
44.65	0.760845213
44.66	0.723861642
44.67	0.67546234
44.68	0.616410594
44.69	0.547637685
44.7	0.470228202
44.71	0.385402939
44.72	0.294499642
44.73	0.19895191
44.74	0.100266587
44.75	-2.35107E-15
44.76	-0.100266587
44.77	-0.19895191
44.78	-0.294499642
44.79	-0.385402939
44.8	-0.470228202
44.81	-0.547637685
44.82	-0.616410594
44.83	-0.67546234
44.84	-0.723861642
44.85	-0.760845213
44.86	-0.785829801
44.87	-0.798421383
44.88	-0.798421383
44.89	-0.785829801
44.9	-0.760845213
44.91	-0.723861642
44.92	-0.67546234
44.93	-0.616410594
44.94	-0.547637685
44.95	-0.470228202
44.96	-0.385402939
44.97	-0.294499642
44.98	-0.19895191
44.99	-0.100266587
45	-6.27345E-15
45.01	0.100266587
45.02	0.19895191
45.03	0.294499642
45.04	0.385402939
45.05	0.470228202
45.06	0.547637685
45.07	0.616410594
45.08	0.67546234
45.09	0.723861642
45.1	0.760845213
45.11	0.785829801
45.12	0.798421383
45.13	0.798421383
45.14	0.785829801
45.15	0.760845213
45.16	0.723861642
45.17	0.67546234
45.18	0.616410594
45.19	0.547637685
45.2	0.470228202
45.21	0.385402939
45.22	0.294499642
45.23	0.19895191
45.24	0.100266587
45.25	1.4898E-14
45.26	-0.100266587
45.27	-0.19895191
45.28	-0.294499642
45.29	-0.385402939
45.3	-0.470228202
45.31	-0.547637685
45.32	-0.616410594
45.33	-0.67546234
45.34	-0.723861642
45.35	-0.760845213
45.36	-0.785829801
45.37	-0.798421383
45.38	-0.798421383
45.39	-0.785829801
45.4	-0.760845213
45.41	-0.723861642
45.42	-0.67546234
45.43	-0.616410594
45.44	-0.547637685
45.45	-0.470228202
45.46	-0.385402939
45.47	-0.294499642
45.48	-0.19895191
45.49	-0.100266587
45.5	-2.35225E-14
45.51	0.100266587
45.52	0.19895191
45.53	0.294499642
45.54	0.385402939
45.55	0.470228202
45.56	0.547637685
45.57	0.616410594
45.58	0.67546234
45.59	0.723861642
45.6	0.760845213
45.61	0.785829801
45.62	0.798421383
45.63	0.798421383
45.64	0.785829801
45.65	0.760845213
45.66	0.723861642
45.67	0.67546234
45.68	0.616410594
45.69	0.547637685
45.7	0.470228202
45.71	0.385402939
45.72	0.294499642
45.73	0.19895191
45.74	0.100266587
45.75	3.2147E-14
45.76	-0.100266587
45.77	-0.19895191
45.78	-0.294499642
45.79	-0.385402939
45.8	-0.470228202
45.81	-0.547637685
45.82	-0.616410594
45.83	-0.67546234
45.84	-0.723861642
45.85	-0.760845213
45.86	-0.785829801
45.87	-0.798421383
45.88	-0.798421383
45.89	-0.785829801
45.9	-0.760845213
45.91	-0.723861642
45.92	-0.67546234
45.93	-0.616410594
45.94	-0.547637685
45.95	-0.470228202
45.96	-0.385402939
45.97	-0.294499642
45.98	-0.19895191
45.99	-0.100266587
46	-4.07716E-14
46.01	0.100266587
46.02	0.19895191
46.03	0.294499642
46.04	0.385402939
46.05	0.470228202
46.06	0.547637685
46.07	0.616410594
46.08	0.67546234
46.09	0.723861642
46.1	0.760845213
46.11	0.785829801
46.12	0.798421383
46.13	0.798421383
46.14	0.785829801
46.15	0.760845213
46.16	0.723861642
46.17	0.67546234
46.18	0.616410594
46.19	0.547637685
46.2	0.470228202
46.21	0.385402939
46.22	0.294499642
46.23	0.19895191
46.24	0.100266587
46.25	4.93961E-14
46.26	-0.100266587
46.27	-0.19895191
46.28	-0.294499642
46.29	-0.385402939
46.3	-0.470228202
46.31	-0.547637685
46.32	-0.616410594
46.33	-0.67546234
46.34	-0.723861642
46.35	-0.760845213
46.36	-0.785829801
46.37	-0.798421383
46.38	-0.798421383
46.39	-0.785829801
46.4	-0.760845213
46.41	-0.723861642
46.42	-0.67546234
46.43	-0.616410594
46.44	-0.547637685
46.45	-0.470228202
46.46	-0.385402939
46.47	-0.294499642
46.48	-0.19895191
46.49	-0.100266587
46.5	-5.80206E-14
46.51	0.100266587
46.52	0.19895191
46.53	0.294499642
46.54	0.385402939
46.55	0.470228202
46.56	0.547637685
46.57	0.616410594
46.58	0.67546234
46.59	0.723861642
46.6	0.760845213
46.61	0.785829801
46.62	0.798421383
46.63	0.798421383
46.64	0.785829801
46.65	0.760845213
46.66	0.723861642
46.67	0.67546234
46.68	0.616410594
46.69	0.547637685
46.7	0.470228202
46.71	0.385402939
46.72	0.294499642
46.73	0.19895191
46.74	0.100266587
46.75	-2.43043E-14
46.76	-0.100266587
46.77	-0.19895191
46.78	-0.294499642
46.79	-0.385402939
46.8	-0.470228202
46.81	-0.547637685
46.82	-0.616410594
46.83	-0.67546234
46.84	-0.723861642
46.85	-0.760845213
46.86	-0.785829801
46.87	-0.798421383
46.88	-0.798421383
46.89	-0.785829801
46.9	-0.760845213
46.91	-0.723861642
46.92	-0.67546234
46.93	-0.616410594
46.94	-0.547637685
46.95	-0.470228202
46.96	-0.385402939
46.97	-0.294499642
46.98	-0.19895191
46.99	-0.100266587
47	1.56798E-14
47.01	0.100266587
47.02	0.19895191
47.03	0.294499642
47.04	0.385402939
47.05	0.470228202
47.06	0.547637685
47.07	0.616410594
47.08	0.67546234
47.09	0.723861642
47.1	0.760845213
47.11	0.785829801
47.12	0.798421383
47.13	0.798421383
47.14	0.785829801
47.15	0.760845213
47.16	0.723861642
47.17	0.67546234
47.18	0.616410594
47.19	0.547637685
47.2	0.470228202
47.21	0.385402939
47.22	0.294499642
47.23	0.19895191
47.24	0.100266587
47.25	-7.05529E-15
47.26	-0.100266587
47.27	-0.19895191
47.28	-0.294499642
47.29	-0.385402939
47.3	-0.470228202
47.31	-0.547637685
47.32	-0.616410594
47.33	-0.67546234
47.34	-0.723861642
47.35	-0.760845213
47.36	-0.785829801
47.37	-0.798421383
47.38	-0.798421383
47.39	-0.785829801
47.4	-0.760845213
47.41	-0.723861642
47.42	-0.67546234
47.43	-0.616410594
47.44	-0.547637685
47.45	-0.470228202
47.46	-0.385402939
47.47	-0.294499642
47.48	-0.19895191
47.49	-0.100266587
47.5	-1.56923E-15
47.51	0.100266587
47.52	0.19895191
47.53	0.294499642
47.54	0.385402939
47.55	0.470228202
47.56	0.547637685
47.57	0.616410594
47.58	0.67546234
47.59	0.723861642
47.6	0.760845213
47.61	0.785829801
47.62	0.798421383
47.63	0.798421383
47.64	0.785829801
47.65	0.760845213
47.66	0.723861642
47.67	0.67546234
47.68	0.616410594
47.69	0.547637685
47.7	0.470228202
47.71	0.385402939
47.72	0.294499642
47.73	0.19895191
47.74	0.100266587
47.75	1.01938E-14
47.76	-0.100266587
47.77	-0.19895191
47.78	-0.294499642
47.79	-0.385402939
47.8	-0.470228202
47.81	-0.547637685
47.82	-0.616410594
47.83	-0.67546234
47.84	-0.723861642
47.85	-0.760845213
47.86	-0.785829801
47.87	-0.798421383
47.88	-0.798421383
47.89	-0.785829801
47.9	-0.760845213
47.91	-0.723861642
47.92	-0.67546234
47.93	-0.616410594
47.94	-0.547637685
47.95	-0.470228202
47.96	-0.385402939
47.97	-0.294499642
47.98	-0.19895191
47.99	-0.100266587
48	-1.88183E-14
48.01	0.100266587
48.02	0.19895191
48.03	0.294499642
48.04	0.385402939
48.05	0.470228202
48.06	0.547637685
48.07	0.616410594
48.08	0.67546234
48.09	0.723861642
48.1	0.760845213
48.11	0.785829801
48.12	0.798421383
48.13	0.798421383
48.14	0.785829801
48.15	0.760845213
48.16	0.723861642
48.17	0.67546234
48.18	0.616410594
48.19	0.547637685
48.2	0.470228202
48.21	0.385402939
48.22	0.294499642
48.23	0.19895191
48.24	0.100266587
48.25	2.74428E-14
48.26	-0.100266587
48.27	-0.19895191
48.28	-0.294499642
48.29	-0.385402939
48.3	-0.470228202
48.31	-0.547637685
48.32	-0.616410594
48.33	-0.67546234
48.34	-0.723861642
48.35	-0.760845213
48.36	-0.785829801
48.37	-0.798421383
48.38	-0.798421383
48.39	-0.785829801
48.4	-0.760845213
48.41	-0.723861642
48.42	-0.67546234
48.43	-0.616410594
48.44	-0.547637685
48.45	-0.470228202
48.46	-0.385402939
48.47	-0.294499642
48.48	-0.19895191
48.49	-0.100266587
48.5	-3.60673E-14
48.51	0.100266587
48.52	0.19895191
48.53	0.294499642
48.54	0.385402939
48.55	0.470228202
48.56	0.547637685
48.57	0.616410594
48.58	0.67546234
48.59	0.723861642
48.6	0.760845213
48.61	0.785829801
48.62	0.798421383
48.63	0.798421383
48.64	0.785829801
48.65	0.760845213
48.66	0.723861642
48.67	0.67546234
48.68	0.616410594
48.69	0.547637685
48.7	0.470228202
48.71	0.385402939
48.72	0.294499642
48.73	0.19895191
48.74	0.100266587
48.75	4.46919E-14
48.76	-0.100266587
48.77	-0.19895191
48.78	-0.294499642
48.79	-0.385402939
48.8	-0.470228202
48.81	-0.547637685
48.82	-0.616410594
48.83	-0.67546234
48.84	-0.723861642
48.85	-0.760845213
48.86	-0.785829801
48.87	-0.798421383
48.88	-0.798421383
48.89	-0.785829801
48.9	-0.760845213
48.91	-0.723861642
48.92	-0.67546234
48.93	-0.616410594
48.94	-0.547637685
48.95	-0.470228202
48.96	-0.385402939
48.97	-0.294499642
48.98	-0.19895191
48.99	-0.100266587
49	-5.33164E-14
49.01	0.100266587
49.02	0.19895191
49.03	0.294499642
49.04	0.385402939
49.05	0.470228202
49.06	0.547637685
49.07	0.616410594
49.08	0.67546234
49.09	0.723861642
49.1	0.760845213
49.11	0.785829801
49.12	0.798421383
49.13	0.798421383
49.14	0.785829801
49.15	0.760845213
49.16	0.723861642
49.17	0.67546234
49.18	0.616410594
49.19	0.547637685
49.2	0.470228202
49.21	0.385402939
49.22	0.294499642
49.23	0.19895191
49.24	0.100266587
49.25	6.19409E-14
49.26	-0.100266587
49.27	-0.19895191
49.28	-0.294499642
49.29	-0.385402939
49.3	-0.470228202
49.31	-0.547637685
49.32	-0.616410594
49.33	-0.67546234
49.34	-0.723861642
49.35	-0.760845213
49.36	-0.785829801
49.37	-0.798421383
49.38	-0.798421383
49.39	-0.785829801
49.4	-0.760845213
49.41	-0.723861642
49.42	-0.67546234
49.43	-0.616410594
49.44	-0.547637685
49.45	-0.470228202
49.46	-0.385402939
49.47	-0.294499642
49.48	-0.19895191
49.49	-0.100266587
49.5	2.0384E-14
49.51	0.100266587
49.52	0.19895191
49.53	0.294499642
49.54	0.385402939
49.55	0.470228202
49.56	0.547637685
49.57	0.616410594
49.58	0.67546234
49.59	0.723861642
49.6	0.760845213
49.61	0.785829801
49.62	0.798421383
49.63	0.798421383
49.64	0.785829801
49.65	0.760845213
49.66	0.723861642
49.67	0.67546234
49.68	0.616410594
49.69	0.547637685
49.7	0.470228202
49.71	0.385402939
49.72	0.294499642
49.73	0.19895191
49.74	0.100266587
49.75	-1.17595E-14
49.76	-0.100266587
49.77	-0.19895191
49.78	-0.294499642
49.79	-0.385402939
49.8	-0.470228202
49.81	-0.547637685
49.82	-0.616410594
49.83	-0.67546234
49.84	-0.723861642
49.85	-0.760845213
49.86	-0.785829801
49.87	-0.798421383
49.88	-0.798421383
49.89	-0.785829801
49.9	-0.760845213
49.91	-0.723861642
49.92	-0.67546234
49.93	-0.616410594
49.94	-0.547637685
49.95	-0.470228202
49.96	-0.385402939
49.97	-0.294499642
49.98	-0.19895191
49.99	-0.100266587
50	3.13499E-15
