5001  0.0100000000	
0	0
0.01	0.247213595
0.02	0.470228202
0.03	0.647213595
0.04	0.760845213
0.05	0.8
0.06	0.760845213
0.07	0.647213595
0.08	0.470228202
0.09	0.247213595
0.1	9.80119E-17
0.11	-0.247213595
0.12	-0.470228202
0.13	-0.647213595
0.14	-0.760845213
0.15	-0.8
0.16	-0.760845213
0.17	-0.647213595
0.18	-0.470228202
0.19	-0.247213595
0.2	-1.96024E-16
0.21	0.247213595
0.22	0.470228202
0.23	0.647213595
0.24	0.760845213
0.25	0.8
0.26	0.760845213
0.27	0.647213595
0.28	0.470228202
0.29	0.247213595
0.3	2.94036E-16
0.31	-0.247213595
0.32	-0.470228202
0.33	-0.647213595
0.34	-0.760845213
0.35	-0.8
0.36	-0.760845213
0.37	-0.647213595
0.38	-0.470228202
0.39	-0.247213595
0.4	-3.92048E-16
0.41	0.247213595
0.42	0.470228202
0.43	0.647213595
0.44	0.760845213
0.45	0.8
0.46	0.760845213
0.47	0.647213595
0.48	0.470228202
0.49	0.247213595
0.5	4.90059E-16
0.51	-0.247213595
0.52	-0.470228202
0.53	-0.647213595
0.54	-0.760845213
0.55	-0.8
0.56	-0.760845213
0.57	-0.647213595
0.58	-0.470228202
0.59	-0.247213595
0.6	-5.88071E-16
0.61	0.247213595
0.62	0.470228202
0.63	0.647213595
0.64	0.760845213
0.65	0.8
0.66	0.760845213
0.67	0.647213595
0.68	0.470228202
0.69	0.247213595
0.7	6.86083E-16
0.71	-0.247213595
0.72	-0.470228202
0.73	-0.647213595
0.74	-0.760845213
0.75	-0.8
0.76	-0.760845213
0.77	-0.647213595
0.78	-0.470228202
0.79	-0.247213595
0.8	-7.84095E-16
0.81	0.247213595
0.82	0.470228202
0.83	0.647213595
0.84	0.760845213
0.85	0.8
0.86	0.760845213
0.87	0.647213595
0.88	0.470228202
0.89	0.247213595
0.9	8.82107E-16
0.91	-0.247213595
0.92	-0.470228202
0.93	-0.647213595
0.94	-0.760845213
0.95	-0.8
0.96	-0.760845213
0.97	-0.647213595
0.98	-0.470228202
0.99	-0.247213595
1	-9.80119E-16
1.01	0.247213595
1.02	0.470228202
1.03	0.647213595
1.04	0.760845213
1.05	0.8
1.06	0.760845213
1.07	0.647213595
1.08	0.470228202
1.09	0.247213595
1.1	-1.76404E-15
1.11	-0.247213595
1.12	-0.470228202
1.13	-0.647213595
1.14	-0.760845213
1.15	-0.8
1.16	-0.760845213
1.17	-0.647213595
1.18	-0.470228202
1.19	-0.247213595
1.2	-1.17614E-15
1.21	0.247213595
1.22	0.470228202
1.23	0.647213595
1.24	0.760845213
1.25	0.8
1.26	0.760845213
1.27	0.647213595
1.28	0.470228202
1.29	0.247213595
1.3	-1.56802E-15
1.31	-0.247213595
1.32	-0.470228202
1.33	-0.647213595
1.34	-0.760845213
1.35	-0.8
1.36	-0.760845213
1.37	-0.647213595
1.38	-0.470228202
1.39	-0.247213595
1.4	-1.37217E-15
1.41	0.247213595
1.42	0.470228202
1.43	0.647213595
1.44	0.760845213
1.45	0.8
1.46	0.760845213
1.47	0.647213595
1.48	0.470228202
1.49	0.247213595
1.5	4.31235E-15
1.51	-0.247213595
1.52	-0.470228202
1.53	-0.647213595
1.54	-0.760845213
1.55	-0.8
1.56	-0.760845213
1.57	-0.647213595
1.58	-0.470228202
1.59	-0.247213595
1.6	-1.56819E-15
1.61	0.247213595
1.62	0.470228202
1.63	0.647213595
1.64	0.760845213
1.65	0.8
1.66	0.760845213
1.67	0.647213595
1.68	0.470228202
1.69	0.247213595
1.7	4.50837E-15
1.71	-0.247213595
1.72	-0.470228202
1.73	-0.647213595
1.74	-0.760845213
1.75	-0.8
1.76	-0.760845213
1.77	-0.647213595
1.78	-0.470228202
1.79	-0.247213595
1.8	-1.76421E-15
1.81	0.247213595
1.82	0.470228202
1.83	0.647213595
1.84	0.760845213
1.85	0.8
1.86	0.760845213
1.87	0.647213595
1.88	0.470228202
1.89	0.247213595
1.9	4.7044E-15
1.91	-0.247213595
1.92	-0.470228202
1.93	-0.647213595
1.94	-0.760845213
1.95	-0.8
1.96	-0.760845213
1.97	-0.647213595
1.98	-0.470228202
1.99	-0.247213595
2	-1.96024E-15
2.01	0.247213595
2.02	0.470228202
2.03	0.647213595
2.04	0.760845213
2.05	0.8
2.06	0.760845213
2.07	0.647213595
2.08	0.470228202
2.09	0.247213595
2.1	-7.83922E-16
2.11	-0.247213595
2.12	-0.470228202
2.13	-0.647213595
2.14	-0.760845213
2.15	-0.8
2.16	-0.760845213
2.17	-0.647213595
2.18	-0.470228202
2.19	-0.247213595
2.2	3.52808E-15
2.21	0.247213595
2.22	0.470228202
2.23	0.647213595
2.24	0.760845213
2.25	0.8
2.26	0.760845213
2.27	0.647213595
2.28	0.470228202
2.29	0.247213595
2.3	5.09644E-15
2.31	-0.247213595
2.32	-0.470228202
2.33	-0.647213595
2.34	-0.760845213
2.35	-0.8
2.36	-0.760845213
2.37	-0.647213595
2.38	-0.470228202
2.39	-0.247213595
2.4	-2.35229E-15
2.41	0.247213595
2.42	0.470228202
2.43	0.647213595
2.44	0.760845213
2.45	0.8
2.46	0.760845213
2.47	0.647213595
2.48	0.470228202
2.49	0.247213595
2.5	-3.91874E-16
2.51	-0.247213595
2.52	-0.470228202
2.53	-0.647213595
2.54	-0.760845213
2.55	-0.8
2.56	-0.760845213
2.57	-0.647213595
2.58	-0.470228202
2.59	-0.247213595
2.6	3.13603E-15
2.61	0.247213595
2.62	0.470228202
2.63	0.647213595
2.64	0.760845213
2.65	0.8
2.66	0.760845213
2.67	0.647213595
2.68	0.470228202
2.69	0.247213595
2.7	-5.88019E-15
2.71	-0.247213595
2.72	-0.470228202
2.73	-0.647213595
2.74	-0.760845213
2.75	-0.8
2.76	-0.760845213
2.77	-0.647213595
2.78	-0.470228202
2.79	-0.247213595
2.8	-2.74433E-15
2.81	0.247213595
2.82	0.470228202
2.83	0.647213595
2.84	0.760845213
2.85	0.8
2.86	0.760845213
2.87	0.647213595
2.88	0.470228202
2.89	0.247213595
2.9	1.73472E-19
2.91	-0.247213595
2.92	-0.470228202
2.93	-0.647213595
2.94	-0.760845213
2.95	-0.8
2.96	-0.760845213
2.97	-0.647213595
2.98	-0.470228202
2.99	-0.247213595
3	-8.6247E-15
3.01	0.247213595
3.02	0.470228202
3.03	0.647213595
3.04	0.760845213
3.05	0.8
3.06	0.760845213
3.07	0.647213595
3.08	0.470228202
3.09	0.247213595
3.1	5.88054E-15
3.11	-0.247213595
3.12	-0.470228202
3.13	-0.647213595
3.14	-0.760845213
3.15	-0.8
3.16	-0.760845213
3.17	-0.647213595
3.18	-0.470228202
3.19	-0.247213595
3.2	-3.13638E-15
3.21	0.247213595
3.22	0.470228202
3.23	0.647213595
3.24	0.760845213
3.25	0.8
3.26	0.760845213
3.27	0.647213595
3.28	0.470228202
3.29	0.247213595
3.3	1.17609E-14
3.31	-0.247213595
3.32	-0.470228202
3.33	-0.647213595
3.34	-0.760845213
3.35	-0.8
3.36	-0.760845213
3.37	-0.647213595
3.38	-0.470228202
3.39	-0.247213595
3.4	-9.01675E-15
3.41	0.247213595
3.42	0.470228202
3.43	0.647213595
3.44	0.760845213
3.45	0.8
3.46	0.760845213
3.47	0.647213595
3.48	0.470228202
3.49	0.247213595
3.5	6.27259E-15
3.51	-0.247213595
3.52	-0.470228202
3.53	-0.647213595
3.54	-0.760845213
3.55	-0.8
3.56	-0.760845213
3.57	-0.647213595
3.58	-0.470228202
3.59	-0.247213595
3.6	-3.52843E-15
3.61	0.247213595
3.62	0.470228202
3.63	0.647213595
3.64	0.760845213
3.65	0.8
3.66	0.760845213
3.67	0.647213595
3.68	0.470228202
3.69	0.247213595
3.7	7.84268E-16
3.71	-0.247213595
3.72	-0.470228202
3.73	-0.647213595
3.74	-0.760845213
3.75	-0.8
3.76	-0.760845213
3.77	-0.647213595
3.78	-0.470228202
3.79	-0.247213595
3.8	-9.40879E-15
3.81	0.247213595
3.82	0.470228202
3.83	0.647213595
3.84	0.760845213
3.85	0.8
3.86	0.760845213
3.87	0.647213595
3.88	0.470228202
3.89	0.247213595
3.9	6.66463E-15
3.91	-0.247213595
3.92	-0.470228202
3.93	-0.647213595
3.94	-0.760845213
3.95	-0.8
3.96	-0.760845213
3.97	-0.647213595
3.98	-0.470228202
3.99	-0.247213595
4	-3.92048E-15
4.01	0.247213595
4.02	0.470228202
4.03	0.647213595
4.04	0.760845213
4.05	0.8
4.06	0.760845213
4.07	0.647213595
4.08	0.470228202
4.09	0.247213595
4.1	1.2545E-14
4.11	-0.247213595
4.12	-0.470228202
4.13	-0.647213595
4.14	-0.760845213
4.15	-0.8
4.16	-0.760845213
4.17	-0.647213595
4.18	-0.470228202
4.19	-0.247213595
4.2	1.56784E-15
4.21	0.247213595
4.22	0.470228202
4.23	0.647213595
4.24	0.760845213
4.25	0.8
4.26	0.760845213
4.27	0.647213595
4.28	0.470228202
4.29	0.247213595
4.3	7.05668E-15
4.31	-0.247213595
4.32	-0.470228202
4.33	-0.647213595
4.34	-0.760845213
4.35	-0.8
4.36	-0.760845213
4.37	-0.647213595
4.38	-0.470228202
4.39	-0.247213595
4.4	7.05616E-15
4.41	0.247213595
4.42	0.470228202
4.43	0.647213595
4.44	0.760845213
4.45	0.8
4.46	0.760845213
4.47	0.647213595
4.48	0.470228202
4.49	0.247213595
4.5	1.56836E-15
4.51	-0.247213595
4.52	-0.470228202
4.53	-0.647213595
4.54	-0.760845213
4.55	-0.8
4.56	-0.760845213
4.57	-0.647213595
4.58	-0.470228202
4.59	-0.247213595
4.6	-1.01929E-14
4.61	0.247213595
4.62	0.470228202
4.63	0.647213595
4.64	0.760845213
4.65	0.8
4.66	0.760845213
4.67	0.647213595
4.68	0.470228202
4.69	0.247213595
4.7	-3.91995E-15
4.71	-0.247213595
4.72	-0.470228202
4.73	-0.647213595
4.74	-0.760845213
4.75	-0.8
4.76	-0.760845213
4.77	-0.647213595
4.78	-0.470228202
4.79	-0.247213595
4.8	-4.70457E-15
4.81	0.247213595
4.82	0.470228202
4.83	0.647213595
4.84	0.760845213
4.85	0.8
4.86	0.760845213
4.87	0.647213595
4.88	0.470228202
4.89	0.247213595
4.9	-9.40827E-15
4.91	-0.247213595
4.92	-0.470228202
4.93	-0.647213595
4.94	-0.760845213
4.95	-0.8
4.96	-0.760845213
4.97	-0.647213595
4.98	-0.470228202
4.99	-0.247213595
5	7.83748E-16
5.01	0.247213595
5.02	0.470228202
5.03	0.647213595
5.04	0.760845213
5.05	0.8
5.06	0.760845213
5.07	0.647213595
5.08	0.470228202
5.09	0.247213595
5.1	7.84078E-15
5.11	-0.247213595
5.12	-0.470228202
5.13	-0.647213595
5.14	-0.760845213
5.15	-0.8
5.16	-0.760845213
5.17	-0.647213595
5.18	-0.470228202
5.19	-0.247213595
5.2	6.27207E-15
5.21	0.247213595
5.22	0.470228202
5.23	0.647213595
5.24	0.760845213
5.25	0.8
5.26	0.760845213
5.27	0.647213595
5.28	0.470228202
5.29	0.247213595
5.3	2.35246E-15
5.31	-0.247213595
5.32	-0.470228202
5.33	-0.647213595
5.34	-0.760845213
5.35	-0.8
5.36	-0.760845213
5.37	-0.647213595
5.38	-0.470228202
5.39	-0.247213595
5.4	1.17604E-14
5.41	0.247213595
5.42	0.470228202
5.43	0.647213595
5.44	0.760845213
5.45	0.8
5.46	0.760845213
5.47	0.647213595
5.48	0.470228202
5.49	0.247213595
5.5	-3.13586E-15
5.51	-0.247213595
5.52	-0.470228202
5.53	-0.647213595
5.54	-0.760845213
5.55	-0.8
5.56	-0.760845213
5.57	-0.647213595
5.58	-0.470228202
5.59	-0.247213595
5.6	-5.48867E-15
5.61	0.247213595
5.62	0.470228202
5.63	0.647213595
5.64	0.760845213
5.65	0.8
5.66	0.760845213
5.67	0.647213595
5.68	0.470228202
5.69	0.247213595
5.7	-8.62418E-15
5.71	-0.247213595
5.72	-0.470228202
5.73	-0.647213595
5.74	-0.760845213
5.75	-0.8
5.76	-0.760845213
5.77	-0.647213595
5.78	-0.470228202
5.79	-0.247213595
5.8	-3.46945E-19
5.81	0.247213595
5.82	0.470228202
5.83	0.647213595
5.84	0.760845213
5.85	0.8
5.86	0.760845213
5.87	0.647213595
5.88	0.470228202
5.89	0.247213595
5.9	-1.41125E-14
5.91	-0.247213595
5.92	-0.470228202
5.93	-0.647213595
5.94	-0.760845213
5.95	-0.8
5.96	-0.760845213
5.97	-0.647213595
5.98	-0.470228202
5.99	-0.247213595
6	-1.72494E-14
6.01	0.247213595
6.02	0.470228202
6.03	0.647213595
6.04	0.760845213
6.05	0.8
6.06	0.760845213
6.07	0.647213595
6.08	0.470228202
6.09	0.247213595
6.1	2.58739E-14
6.11	-0.247213595
6.12	-0.470228202
6.13	-0.647213595
6.14	-0.760845213
6.15	-0.8
6.16	-0.760845213
6.17	-0.647213595
6.18	-0.470228202
6.19	-0.247213595
6.2	-1.17611E-14
6.21	0.247213595
6.22	0.470228202
6.23	0.647213595
6.24	0.760845213
6.25	0.8
6.26	0.760845213
6.27	0.647213595
6.28	0.470228202
6.29	0.247213595
6.3	2.03856E-14
6.31	-0.247213595
6.32	-0.470228202
6.33	-0.647213595
6.34	-0.760845213
6.35	-0.8
6.36	-0.760845213
6.37	-0.647213595
6.38	-0.470228202
6.39	-0.247213595
6.4	-6.27276E-15
6.41	0.247213595
6.42	0.470228202
6.43	0.647213595
6.44	0.760845213
6.45	0.8
6.46	0.760845213
6.47	0.647213595
6.48	0.470228202
6.49	0.247213595
6.5	1.48973E-14
6.51	-0.247213595
6.52	-0.470228202
6.53	-0.647213595
6.54	-0.760845213
6.55	-0.8
6.56	-0.760845213
6.57	-0.647213595
6.58	-0.470228202
6.59	-0.247213595
6.6	-2.35218E-14
6.61	0.247213595
6.62	0.470228202
6.63	0.647213595
6.64	0.760845213
6.65	0.8
6.66	0.760845213
6.67	0.647213595
6.68	0.470228202
6.69	0.247213595
6.7	9.40897E-15
6.71	-0.247213595
6.72	-0.470228202
6.73	-0.647213595
6.74	-0.760845213
6.75	-0.8
6.76	-0.760845213
6.77	-0.647213595
6.78	-0.470228202
6.79	-0.247213595
6.8	-1.80335E-14
6.81	0.247213595
6.82	0.470228202
6.83	0.647213595
6.84	0.760845213
6.85	0.8
6.86	0.760845213
6.87	0.647213595
6.88	0.470228202
6.89	0.247213595
6.9	3.92065E-15
6.91	-0.247213595
6.92	-0.470228202
6.93	-0.647213595
6.94	-0.760845213
6.95	-0.8
6.96	-0.760845213
6.97	-0.647213595
6.98	-0.470228202
6.99	-0.247213595
7	-1.25452E-14
7.01	0.247213595
7.02	0.470228202
7.03	0.647213595
7.04	0.760845213
7.05	0.8
7.06	0.760845213
7.07	0.647213595
7.08	0.470228202
7.09	0.247213595
7.1	2.11697E-14
7.11	-0.247213595
7.12	-0.470228202
7.13	-0.647213595
7.14	-0.760845213
7.15	-0.8
7.16	-0.760845213
7.17	-0.647213595
7.18	-0.470228202
7.19	-0.247213595
7.2	-7.05686E-15
7.21	0.247213595
7.22	0.470228202
7.23	0.647213595
7.24	0.760845213
7.25	0.8
7.26	0.760845213
7.27	0.647213595
7.28	0.470228202
7.29	0.247213595
7.3	1.56814E-14
7.31	-0.247213595
7.32	-0.470228202
7.33	-0.647213595
7.34	-0.760845213
7.35	-0.8
7.36	-0.760845213
7.37	-0.647213595
7.38	-0.470228202
7.39	-0.247213595
7.4	-1.56854E-15
7.41	0.247213595
7.42	0.470228202
7.43	0.647213595
7.44	0.760845213
7.45	0.8
7.46	0.760845213
7.47	0.647213595
7.48	0.470228202
7.49	0.247213595
7.5	1.01931E-14
7.51	-0.247213595
7.52	-0.470228202
7.53	-0.647213595
7.54	-0.760845213
7.55	-0.8
7.56	-0.760845213
7.57	-0.647213595
7.58	-0.470228202
7.59	-0.247213595
7.6	-1.88176E-14
7.61	0.247213595
7.62	0.470228202
7.63	0.647213595
7.64	0.760845213
7.65	0.8
7.66	0.760845213
7.67	0.647213595
7.68	0.470228202
7.69	0.247213595
7.7	4.70474E-15
7.71	-0.247213595
7.72	-0.470228202
7.73	-0.647213595
7.74	-0.760845213
7.75	-0.8
7.76	-0.760845213
7.77	-0.647213595
7.78	-0.470228202
7.79	-0.247213595
7.8	-1.33293E-14
7.81	0.247213595
7.82	0.470228202
7.83	0.647213595
7.84	0.760845213
7.85	0.8
7.86	0.760845213
7.87	0.647213595
7.88	0.470228202
7.89	0.247213595
7.9	-7.83575E-16
7.91	-0.247213595
7.92	-0.470228202
7.93	-0.647213595
7.94	-0.760845213
7.95	-0.8
7.96	-0.760845213
7.97	-0.647213595
7.98	-0.470228202
7.99	-0.247213595
8	-7.84095E-15
8.01	0.247213595
8.02	0.470228202
8.03	0.647213595
8.04	0.760845213
8.05	0.8
8.06	0.760845213
8.07	0.647213595
8.08	0.470228202
8.09	0.247213595
8.1	1.64655E-14
8.11	-0.247213595
8.12	-0.470228202
8.13	-0.647213595
8.14	-0.760845213
8.15	-0.8
8.16	-0.760845213
8.17	-0.647213595
8.18	-0.470228202
8.19	-0.247213595
8.2	-2.509E-14
8.21	0.247213595
8.22	0.470228202
8.23	0.647213595
8.24	0.760845213
8.25	0.8
8.26	0.760845213
8.27	0.647213595
8.28	0.470228202
8.29	0.247213595
8.3	-1.17602E-14
8.31	-0.247213595
8.32	-0.470228202
8.33	-0.647213595
8.34	-0.760845213
8.35	-0.8
8.36	-0.760845213
8.37	-0.647213595
8.38	-0.470228202
8.39	-0.247213595
8.4	3.13569E-15
8.41	0.247213595
8.42	0.470228202
8.43	0.647213595
8.44	0.760845213
8.45	0.8
8.46	0.760845213
8.47	0.647213595
8.48	0.470228202
8.49	0.247213595
8.5	5.48884E-15
8.51	-0.247213595
8.52	-0.470228202
8.53	-0.647213595
8.54	-0.760845213
8.55	-0.8
8.56	-0.760845213
8.57	-0.647213595
8.58	-0.470228202
8.59	-0.247213595
8.6	-1.41134E-14
8.61	0.247213595
8.62	0.470228202
8.63	0.647213595
8.64	0.760845213
8.65	0.8
8.66	0.760845213
8.67	0.647213595
8.68	0.470228202
8.69	0.247213595
8.7	2.27379E-14
8.71	-0.247213595
8.72	-0.470228202
8.73	-0.647213595
8.74	-0.760845213
8.75	-0.8
8.76	-0.760845213
8.77	-0.647213595
8.78	-0.470228202
8.79	-0.247213595
8.8	1.41123E-14
8.81	0.247213595
8.82	0.470228202
8.83	0.647213595
8.84	0.760845213
8.85	0.8
8.86	0.760845213
8.87	0.647213595
8.88	0.470228202
8.89	0.247213595
8.9	-5.4878E-15
8.91	-0.247213595
8.92	-0.470228202
8.93	-0.647213595
8.94	-0.760845213
8.95	-0.8
8.96	-0.760845213
8.97	-0.647213595
8.98	-0.470228202
8.99	-0.247213595
9	-3.13673E-15
9.01	0.247213595
9.02	0.470228202
9.03	0.647213595
9.04	0.760845213
9.05	0.8
9.06	0.760845213
9.07	0.647213595
9.08	0.470228202
9.09	0.247213595
9.1	1.17613E-14
9.11	-0.247213595
9.12	-0.470228202
9.13	-0.647213595
9.14	-0.760845213
9.15	-0.8
9.16	-0.760845213
9.17	-0.647213595
9.18	-0.470228202
9.19	-0.247213595
9.2	-2.03858E-14
9.21	0.247213595
9.22	0.470228202
9.23	0.647213595
9.24	0.760845213
9.25	0.8
9.26	0.760845213
9.27	0.647213595
9.28	0.470228202
9.29	0.247213595
9.3	-1.64644E-14
9.31	-0.247213595
9.32	-0.470228202
9.33	-0.647213595
9.34	-0.760845213
9.35	-0.8
9.36	-0.760845213
9.37	-0.647213595
9.38	-0.470228202
9.39	-0.247213595
9.4	7.83991E-15
9.41	0.247213595
9.42	0.470228202
9.43	0.647213595
9.44	0.760845213
9.45	0.8
9.46	0.760845213
9.47	0.647213595
9.48	0.470228202
9.49	0.247213595
9.5	7.84615E-16
9.51	-0.247213595
9.52	-0.470228202
9.53	-0.647213595
9.54	-0.760845213
9.55	-0.8
9.56	-0.760845213
9.57	-0.647213595
9.58	-0.470228202
9.59	-0.247213595
9.6	-9.40914E-15
9.61	0.247213595
9.62	0.470228202
9.63	0.647213595
9.64	0.760845213
9.65	0.8
9.66	0.760845213
9.67	0.647213595
9.68	0.470228202
9.69	0.247213595
9.7	1.80337E-14
9.71	-0.247213595
9.72	-0.470228202
9.73	-0.647213595
9.74	-0.760845213
9.75	-0.8
9.76	-0.760845213
9.77	-0.647213595
9.78	-0.470228202
9.79	-0.247213595
9.8	1.88165E-14
9.81	0.247213595
9.82	0.470228202
9.83	0.647213595
9.84	0.760845213
9.85	0.8
9.86	0.760845213
9.87	0.647213595
9.88	0.470228202
9.89	0.247213595
9.9	-1.0192E-14
9.91	-0.247213595
9.92	-0.470228202
9.93	-0.647213595
9.94	-0.760845213
9.95	-0.8
9.96	-0.760845213
9.97	-0.647213595
9.98	-0.470228202
9.99	-0.247213595
10	1.5675E-15
10.01	0.247213595
10.02	0.470228202
10.03	0.647213595
10.04	0.760845213
10.05	0.8
10.06	0.760845213
10.07	0.647213595
10.08	0.470228202
10.09	0.247213595
10.1	7.05703E-15
10.11	-0.247213595
10.12	-0.470228202
10.13	-0.647213595
10.14	-0.760845213
10.15	-0.8
10.16	-0.760845213
10.17	-0.647213595
10.18	-0.470228202
10.19	-0.247213595
10.2	-1.56816E-14
10.21	0.247213595
10.22	0.470228202
10.23	0.647213595
10.24	0.760845213
10.25	0.8
10.26	0.760845213
10.27	0.647213595
10.28	0.470228202
10.29	0.247213595
10.3	-2.11687E-14
10.31	-0.247213595
10.32	-0.470228202
10.33	-0.647213595
10.34	-0.760845213
10.35	-0.8
10.36	-0.760845213
10.37	-0.647213595
10.38	-0.470228202
10.39	-0.247213595
10.4	1.25441E-14
10.41	0.247213595
10.42	0.470228202
10.43	0.647213595
10.44	0.760845213
10.45	0.8
10.46	0.760845213
10.47	0.647213595
10.48	0.470228202
10.49	0.247213595
10.5	-3.91961E-15
10.51	-0.247213595
10.52	-0.470228202
10.53	-0.647213595
10.54	-0.760845213
10.55	-0.8
10.56	-0.760845213
10.57	-0.647213595
10.58	-0.470228202
10.59	-0.247213595
10.6	-4.70492E-15
10.61	0.247213595
10.62	0.470228202
10.63	0.647213595
10.64	0.760845213
10.65	0.8
10.66	0.760845213
10.67	0.647213595
10.68	0.470228202
10.69	0.247213595
10.7	1.33294E-14
10.71	-0.247213595
10.72	-0.470228202
10.73	-0.647213595
10.74	-0.760845213
10.75	-0.8
10.76	-0.760845213
10.77	-0.647213595
10.78	-0.470228202
10.79	-0.247213595
10.8	2.35208E-14
10.81	0.247213595
10.82	0.470228202
10.83	0.647213595
10.84	0.760845213
10.85	0.8
10.86	0.760845213
10.87	0.647213595
10.88	0.470228202
10.89	0.247213595
10.9	-1.48962E-14
10.91	-0.247213595
10.92	-0.470228202
10.93	-0.647213595
10.94	-0.760845213
10.95	-0.8
10.96	-0.760845213
10.97	-0.647213595
10.98	-0.470228202
10.99	-0.247213595
11	6.27172E-15
11.01	0.247213595
11.02	0.470228202
11.03	0.647213595
11.04	0.760845213
11.05	0.8
11.06	0.760845213
11.07	0.647213595
11.08	0.470228202
11.09	0.247213595
11.1	2.35281E-15
11.11	-0.247213595
11.12	-0.470228202
11.13	-0.647213595
11.14	-0.760845213
11.15	-0.8
11.16	-0.760845213
11.17	-0.647213595
11.18	-0.470228202
11.19	-0.247213595
11.2	-1.09773E-14
11.21	0.247213595
11.22	0.470228202
11.23	0.647213595
11.24	0.760845213
11.25	0.8
11.26	0.760845213
11.27	0.647213595
11.28	0.470228202
11.29	0.247213596
11.3	-2.58729E-14
11.31	-0.247213595
11.32	-0.470228202
11.33	-0.647213595
11.34	-0.760845213
11.35	-0.8
11.36	-0.760845213
11.37	-0.647213595
11.38	-0.470228202
11.39	-0.247213595
11.4	1.72484E-14
11.41	0.247213595
11.42	0.470228202
11.43	0.647213595
11.44	0.760845213
11.45	0.8
11.46	0.760845213
11.47	0.647213595
11.48	0.470228202
11.49	0.247213595
11.5	-8.62383E-15
11.51	-0.247213595
11.52	-0.470228202
11.53	-0.647213595
11.54	-0.760845213
11.55	-0.8
11.56	-0.760845213
11.57	-0.647213595
11.58	-0.470228202
11.59	-0.247213595
11.6	-6.93889E-19
11.61	0.247213595
11.62	0.470228202
11.63	0.647213595
11.64	0.760845213
11.65	0.8
11.66	0.760845213
11.67	0.647213595
11.68	0.470228202
11.69	0.247213596
11.7	8.62522E-15
11.71	-0.247213595
11.72	-0.470228202
11.73	-0.647213595
11.74	-0.760845213
11.75	-0.8
11.76	-0.760845213
11.77	-0.647213595
11.78	-0.470228202
11.79	-0.247213596
11.8	2.8225E-14
11.81	0.247213595
11.82	0.470228202
11.83	0.647213595
11.84	0.760845213
11.85	0.8
11.86	0.760845213
11.87	0.647213595
11.88	0.470228202
11.89	0.247213595
11.9	-1.96005E-14
11.91	-0.247213595
11.92	-0.470228202
11.93	-0.647213595
11.94	-0.760845213
11.95	-0.8
11.96	-0.760845213
11.97	-0.647213595
11.98	-0.470228202
11.99	-0.247213595
12	-3.44988E-14
12.01	0.247213595
12.02	0.470228202
12.03	0.647213595
12.04	0.760845213
12.05	0.8
12.06	0.760845213
12.07	0.647213595
12.08	0.470228202
12.09	0.247213595
12.1	4.31233E-14
12.11	-0.247213595
12.12	-0.470228202
12.13	-0.647213595
12.14	-0.760845213
12.15	-0.8
12.16	-0.760845213
12.17	-0.647213595
12.18	-0.470228202
12.19	-0.247213595
12.2	-5.17478E-14
12.21	0.247213595
12.22	0.470228202
12.23	0.647213595
12.24	0.760845213
12.25	0.8
12.26	0.760845213
12.27	0.647213595
12.28	0.470228202
12.29	0.247213596
12.3	1.48976E-14
12.31	-0.247213595
12.32	-0.470228202
12.33	-0.647213595
12.34	-0.760845213
12.35	-0.8
12.36	-0.760845213
12.37	-0.647213595
12.38	-0.470228202
12.39	-0.247213595
12.4	-2.35222E-14
12.41	0.247213595
12.42	0.470228202
12.43	0.647213595
12.44	0.760845213
12.45	0.8
12.46	0.760845213
12.47	0.647213595
12.48	0.470228202
12.49	0.247213595
12.5	3.21467E-14
12.51	-0.247213595
12.52	-0.470228202
12.53	-0.647213595
12.54	-0.760845213
12.55	-0.8
12.56	-0.760845213
12.57	-0.647213595
12.58	-0.470228202
12.59	-0.247213595
12.6	-4.07712E-14
12.61	0.247213595
12.62	0.470228202
12.63	0.647213595
12.64	0.760845213
12.65	0.8
12.66	0.760845213
12.67	0.647213595
12.68	0.470228202
12.69	0.247213595
12.7	4.93957E-14
12.71	-0.247213595
12.72	-0.470228202
12.73	-0.647213595
12.74	-0.760845213
12.75	-0.8
12.76	-0.760845213
12.77	-0.647213595
12.78	-0.470228202
12.79	-0.247213596
12.8	-1.25455E-14
12.81	0.247213595
12.82	0.470228202
12.83	0.647213595
12.84	0.760845213
12.85	0.8
12.86	0.760845213
12.87	0.647213595
12.88	0.470228202
12.89	0.247213595
12.9	2.117E-14
12.91	-0.247213595
12.92	-0.470228202
12.93	-0.647213595
12.94	-0.760845213
12.95	-0.8
12.96	-0.760845213
12.97	-0.647213595
12.98	-0.470228202
12.99	-0.247213595
13	-2.97946E-14
13.01	0.247213595
13.02	0.470228202
13.03	0.647213595
13.04	0.760845213
13.05	0.8
13.06	0.760845213
13.07	0.647213595
13.08	0.470228202
13.09	0.247213595
13.1	3.84191E-14
13.11	-0.247213595
13.12	-0.470228202
13.13	-0.647213595
13.14	-0.760845213
13.15	-0.8
13.16	-0.760845213
13.17	-0.647213595
13.18	-0.470228202
13.19	-0.247213595
13.2	-4.70436E-14
13.21	0.247213595
13.22	0.470228202
13.23	0.647213595
13.24	0.760845213
13.25	0.8
13.26	0.760845213
13.27	0.647213595
13.28	0.470228202
13.29	0.247213596
13.3	1.01934E-14
13.31	-0.247213595
13.32	-0.470228202
13.33	-0.647213595
13.34	-0.760845213
13.35	-0.8
13.36	-0.760845213
13.37	-0.647213595
13.38	-0.470228202
13.39	-0.247213595
13.4	-1.88179E-14
13.41	0.247213595
13.42	0.470228202
13.43	0.647213595
13.44	0.760845213
13.45	0.8
13.46	0.760845213
13.47	0.647213595
13.48	0.470228202
13.49	0.247213595
13.5	2.74425E-14
13.51	-0.247213595
13.52	-0.470228202
13.53	-0.647213595
13.54	-0.760845213
13.55	-0.8
13.56	-0.760845213
13.57	-0.647213595
13.58	-0.470228202
13.59	-0.247213595
13.6	-3.6067E-14
13.61	0.247213595
13.62	0.470228202
13.63	0.647213595
13.64	0.760845213
13.65	0.8
13.66	0.760845213
13.67	0.647213595
13.68	0.470228202
13.69	0.247213595
13.7	4.46915E-14
13.71	-0.247213595
13.72	-0.470228202
13.73	-0.647213595
13.74	-0.760845213
13.75	-0.8
13.76	-0.760845213
13.77	-0.647213595
13.78	-0.470228202
13.79	-0.247213595
13.8	-7.8413E-15
13.81	0.247213595
13.82	0.470228202
13.83	0.647213595
13.84	0.760845213
13.85	0.8
13.86	0.760845213
13.87	0.647213595
13.88	0.470228202
13.89	0.247213595
13.9	1.64658E-14
13.91	-0.247213595
13.92	-0.470228202
13.93	-0.647213595
13.94	-0.760845213
13.95	-0.8
13.96	-0.760845213
13.97	-0.647213595
13.98	-0.470228202
13.99	-0.247213595
14	-2.50903E-14
14.01	0.247213595
14.02	0.470228202
14.03	0.647213595
14.04	0.760845213
14.05	0.8
14.06	0.760845213
14.07	0.647213595
14.08	0.470228202
14.09	0.247213595
14.1	3.37149E-14
14.11	-0.247213595
14.12	-0.470228202
14.13	-0.647213595
14.14	-0.760845213
14.15	-0.8
14.16	-0.760845213
14.17	-0.647213595
14.18	-0.470228202
14.19	-0.247213595
14.2	-4.23394E-14
14.21	0.247213595
14.22	0.470228202
14.23	0.647213595
14.24	0.760845213
14.25	0.8
14.26	0.760845213
14.27	0.647213595
14.28	0.470228202
14.29	0.247213595
14.3	5.48919E-15
14.31	-0.247213595
14.32	-0.470228202
14.33	-0.647213595
14.34	-0.760845213
14.35	-0.8
14.36	-0.760845213
14.37	-0.647213595
14.38	-0.470228202
14.39	-0.247213595
14.4	-1.41137E-14
14.41	0.247213595
14.42	0.470228202
14.43	0.647213595
14.44	0.760845213
14.45	0.8
14.46	0.760845213
14.47	0.647213595
14.48	0.470228202
14.49	0.247213595
14.5	2.27382E-14
14.51	-0.247213595
14.52	-0.470228202
14.53	-0.647213595
14.54	-0.760845213
14.55	-0.8
14.56	-0.760845213
14.57	-0.647213595
14.58	-0.470228202
14.59	-0.247213595
14.6	-3.13628E-14
14.61	0.247213595
14.62	0.470228202
14.63	0.647213595
14.64	0.760845213
14.65	0.8
14.66	0.760845213
14.67	0.647213595
14.68	0.470228202
14.69	0.247213595
14.7	3.99873E-14
14.71	-0.247213595
14.72	-0.470228202
14.73	-0.647213595
14.74	-0.760845213
14.75	-0.8
14.76	-0.760845213
14.77	-0.647213595
14.78	-0.470228202
14.79	-0.247213595
14.8	-3.13707E-15
14.81	0.247213595
14.82	0.470228202
14.83	0.647213595
14.84	0.760845213
14.85	0.8
14.86	0.760845213
14.87	0.647213595
14.88	0.470228202
14.89	0.247213595
14.9	1.17616E-14
14.91	-0.247213595
14.92	-0.470228202
14.93	-0.647213595
14.94	-0.760845213
14.95	-0.8
14.96	-0.760845213
14.97	-0.647213595
14.98	-0.470228202
14.99	-0.247213595
15	-2.03861E-14
15.01	0.247213595
15.02	0.470228202
15.03	0.647213595
15.04	0.760845213
15.05	0.8
15.06	0.760845213
15.07	0.647213595
15.08	0.470228202
15.09	0.247213595
15.1	2.90106E-14
15.11	-0.247213595
15.12	-0.470228202
15.13	-0.647213595
15.14	-0.760845213
15.15	-0.8
15.16	-0.760845213
15.17	-0.647213595
15.18	-0.470228202
15.19	-0.247213595
15.2	-3.76352E-14
15.21	0.247213595
15.22	0.470228202
15.23	0.647213595
15.24	0.760845213
15.25	0.8
15.26	0.760845213
15.27	0.647213595
15.28	0.470228202
15.29	0.247213595
15.3	7.84962E-16
15.31	-0.247213595
15.32	-0.470228202
15.33	-0.647213595
15.34	-0.760845213
15.35	-0.8
15.36	-0.760845213
15.37	-0.647213595
15.38	-0.470228202
15.39	-0.247213595
15.4	-9.40949E-15
15.41	0.247213595
15.42	0.470228202
15.43	0.647213595
15.44	0.760845213
15.45	0.8
15.46	0.760845213
15.47	0.647213595
15.48	0.470228202
15.49	0.247213595
15.5	1.8034E-14
15.51	-0.247213595
15.52	-0.470228202
15.53	-0.647213595
15.54	-0.760845213
15.55	-0.8
15.56	-0.760845213
15.57	-0.647213595
15.58	-0.470228202
15.59	-0.247213595
15.6	-2.66585E-14
15.61	0.247213595
15.62	0.470228202
15.63	0.647213595
15.64	0.760845213
15.65	0.8
15.66	0.760845213
15.67	0.647213595
15.68	0.470228202
15.69	0.247213595
15.7	3.52831E-14
15.71	-0.247213595
15.72	-0.470228202
15.73	-0.647213595
15.74	-0.760845213
15.75	-0.8
15.76	-0.760845213
15.77	-0.647213595
15.78	-0.470228202
15.79	-0.247213595
15.8	1.56715E-15
15.81	0.247213595
15.82	0.470228202
15.83	0.647213595
15.84	0.760845213
15.85	0.8
15.86	0.760845213
15.87	0.647213595
15.88	0.470228202
15.89	0.247213595
15.9	7.05738E-15
15.91	-0.247213595
15.92	-0.470228202
15.93	-0.647213595
15.94	-0.760845213
15.95	-0.8
15.96	-0.760845213
15.97	-0.647213595
15.98	-0.470228202
15.99	-0.247213595
16	-1.56819E-14
16.01	0.247213595
16.02	0.470228202
16.03	0.647213595
16.04	0.760845213
16.05	0.8
16.06	0.760845213
16.07	0.647213595
16.08	0.470228202
16.09	0.247213595
16.1	-2.11683E-14
16.11	-0.247213595
16.12	-0.470228202
16.13	-0.647213595
16.14	-0.760845213
16.15	-0.8
16.16	-0.760845213
16.17	-0.647213595
16.18	-0.470228202
16.19	-0.247213595
16.2	-3.29309E-14
16.21	0.247213595
16.22	0.470228202
16.23	0.647213595
16.24	0.760845213
16.25	0.8
16.26	0.760845213
16.27	0.647213595
16.28	0.470228202
16.29	0.247213595
16.3	4.15555E-14
16.31	-0.247213595
16.32	-0.470228202
16.33	-0.647213595
16.34	-0.760845213
16.35	-0.8
16.36	-0.760845213
16.37	-0.647213595
16.38	-0.470228202
16.39	-0.247213595
16.4	-5.018E-14
16.41	0.247213595
16.42	0.470228202
16.43	0.647213595
16.44	0.760845213
16.45	0.8
16.46	0.760845213
16.47	0.647213595
16.48	0.470228202
16.49	0.247213596
16.5	5.88045E-14
16.51	-0.247213595
16.52	-0.470228202
16.53	-0.647213595
16.54	-0.760845213
16.55	-0.8
16.56	-0.760845213
16.57	-0.647213595
16.58	-0.470228202
16.59	-0.247213596
16.6	2.35204E-14
16.61	0.247213595
16.62	0.470228202
16.63	0.647213595
16.64	0.760845213
16.65	0.8
16.66	0.760845213
16.67	0.647213595
16.68	0.470228202
16.69	0.247213595
16.7	7.60536E-14
16.71	-0.247213595
16.72	-0.470228202
16.73	-0.647213595
16.74	-0.760845213
16.75	-0.8
16.76	-0.760845213
16.77	-0.647213595
16.78	-0.470228202
16.79	-0.247213596
16.8	6.27137E-15
16.81	0.247213595
16.82	0.470228202
16.83	0.647213595
16.84	0.760845213
16.85	0.8
16.86	0.760845213
16.87	0.647213595
16.88	0.470228202
16.89	0.247213595
16.9	9.33026E-14
16.91	-0.247213595
16.92	-0.470228202
16.93	-0.647213595
16.94	-0.760845213
16.95	-0.8
16.96	-0.760845213
16.97	-0.647213596
16.98	-0.470228202
16.99	-0.247213596
17	-1.09777E-14
17.01	0.247213595
17.02	0.470228202
17.03	0.647213595
17.04	0.760845213
17.05	0.8
17.06	0.760845213
17.07	0.647213595
17.08	0.470228202
17.09	0.247213595
17.1	1.96022E-14
17.11	-0.247213595
17.12	-0.470228202
17.13	-0.647213595
17.14	-0.760845213
17.15	-0.8
17.16	-0.760845213
17.17	-0.647213595
17.18	-0.470228202
17.19	-0.247213595
17.2	-2.82267E-14
17.21	0.247213595
17.22	0.470228202
17.23	0.647213595
17.24	0.760845213
17.25	0.8
17.26	0.760845213
17.27	0.647213595
17.28	0.470228202
17.29	0.247213595
17.3	3.68513E-14
17.31	-0.247213595
17.32	-0.470228202
17.33	-0.647213595
17.34	-0.760845213
17.35	-0.8
17.36	-0.760845213
17.37	-0.647213595
17.38	-0.470228202
17.39	-0.247213595
17.4	-4.54758E-14
17.41	0.247213595
17.42	0.470228202
17.43	0.647213595
17.44	0.760845213
17.45	0.8
17.46	0.760845213
17.47	0.647213595
17.48	0.470228202
17.49	0.247213596
17.5	5.41003E-14
17.51	-0.247213595
17.52	-0.470228202
17.53	-0.647213595
17.54	-0.760845213
17.55	-0.8
17.56	-0.760845213
17.57	-0.647213595
17.58	-0.470228202
17.59	-0.247213596
17.6	2.82246E-14
17.61	0.247213595
17.62	0.470228202
17.63	0.647213595
17.64	0.760845213
17.65	0.8
17.66	0.760845213
17.67	0.647213595
17.68	0.470228202
17.69	0.247213595
17.7	7.13494E-14
17.71	-0.247213595
17.72	-0.470228202
17.73	-0.647213595
17.74	-0.760845213
17.75	-0.8
17.76	-0.760845213
17.77	-0.647213595
17.78	-0.470228202
17.79	-0.247213596
17.8	1.09756E-14
17.81	0.247213595
17.82	0.470228202
17.83	0.647213595
17.84	0.760845213
17.85	0.8
17.86	0.760845213
17.87	0.647213595
17.88	0.470228202
17.89	0.247213595
17.9	8.85984E-14
17.91	-0.247213595
17.92	-0.470228202
17.93	-0.647213595
17.94	-0.760845213
17.95	-0.8
17.96	-0.760845213
17.97	-0.647213595
17.98	-0.470228202
17.99	-0.247213596
18	-6.27345E-15
18.01	0.247213595
18.02	0.470228202
18.03	0.647213595
18.04	0.760845213
18.05	0.8
18.06	0.760845213
18.07	0.647213595
18.08	0.470228202
18.09	0.247213595
18.1	1.4898E-14
18.11	-0.247213595
18.12	-0.470228202
18.13	-0.647213595
18.14	-0.760845213
18.15	-0.8
18.16	-0.760845213
18.17	-0.647213595
18.18	-0.470228202
18.19	-0.247213595
18.2	-2.35225E-14
18.21	0.247213595
18.22	0.470228202
18.23	0.647213595
18.24	0.760845213
18.25	0.8
18.26	0.760845213
18.27	0.647213595
18.28	0.470228202
18.29	0.247213595
18.3	3.2147E-14
18.31	-0.247213595
18.32	-0.470228202
18.33	-0.647213595
18.34	-0.760845213
18.35	-0.8
18.36	-0.760845213
18.37	-0.647213595
18.38	-0.470228202
18.39	-0.247213595
18.4	-4.07716E-14
18.41	0.247213595
18.42	0.470228202
18.43	0.647213595
18.44	0.760845213
18.45	0.8
18.46	0.760845213
18.47	0.647213595
18.48	0.470228202
18.49	0.247213595
18.5	4.93961E-14
18.51	-0.247213595
18.52	-0.470228202
18.53	-0.647213595
18.54	-0.760845213
18.55	-0.8
18.56	-0.760845213
18.57	-0.647213595
18.58	-0.470228202
18.59	-0.247213596
18.6	3.29289E-14
18.61	0.247213595
18.62	0.470228202
18.63	0.647213595
18.64	0.760845213
18.65	0.8
18.66	0.760845213
18.67	0.647213595
18.68	0.470228202
18.69	0.247213595
18.7	6.66451E-14
18.71	-0.247213595
18.72	-0.470228202
18.73	-0.647213595
18.74	-0.760845213
18.75	-0.8
18.76	-0.760845213
18.77	-0.647213595
18.78	-0.470228202
18.79	-0.247213596
18.8	1.56798E-14
18.81	0.247213595
18.82	0.470228202
18.83	0.647213595
18.84	0.760845213
18.85	0.8
18.86	0.760845213
18.87	0.647213595
18.88	0.470228202
18.89	0.247213595
18.9	8.38942E-14
18.91	-0.247213595
18.92	-0.470228202
18.93	-0.647213595
18.94	-0.760845213
18.95	-0.8
18.96	-0.760845213
18.97	-0.647213595
18.98	-0.470228202
18.99	-0.247213596
19	-1.56923E-15
19.01	0.247213595
19.02	0.470228202
19.03	0.647213595
19.04	0.760845213
19.05	0.8
19.06	0.760845213
19.07	0.647213595
19.08	0.470228202
19.09	0.247213595
19.1	1.01938E-14
19.11	-0.247213595
19.12	-0.470228202
19.13	-0.647213595
19.14	-0.760845213
19.15	-0.8
19.16	-0.760845213
19.17	-0.647213595
19.18	-0.470228202
19.19	-0.247213595
19.2	-1.88183E-14
19.21	0.247213595
19.22	0.470228202
19.23	0.647213595
19.24	0.760845213
19.25	0.8
19.26	0.760845213
19.27	0.647213595
19.28	0.470228202
19.29	0.247213595
19.3	2.74428E-14
19.31	-0.247213595
19.32	-0.470228202
19.33	-0.647213595
19.34	-0.760845213
19.35	-0.8
19.36	-0.760845213
19.37	-0.647213595
19.38	-0.470228202
19.39	-0.247213595
19.4	-3.60673E-14
19.41	0.247213595
19.42	0.470228202
19.43	0.647213595
19.44	0.760845213
19.45	0.8
19.46	0.760845213
19.47	0.647213595
19.48	0.470228202
19.49	0.247213595
19.5	4.46919E-14
19.51	-0.247213595
19.52	-0.470228202
19.53	-0.647213595
19.54	-0.760845213
19.55	-0.8
19.56	-0.760845213
19.57	-0.647213595
19.58	-0.470228202
19.59	-0.247213595
19.6	3.76331E-14
19.61	0.247213595
19.62	0.470228202
19.63	0.647213595
19.64	0.760845213
19.65	0.8
19.66	0.760845213
19.67	0.647213595
19.68	0.470228202
19.69	0.247213595
19.7	6.19409E-14
19.71	-0.247213595
19.72	-0.470228202
19.73	-0.647213595
19.74	-0.760845213
19.75	-0.8
19.76	-0.760845213
19.77	-0.647213595
19.78	-0.470228202
19.79	-0.247213596
19.8	2.0384E-14
19.81	0.247213595
19.82	0.470228202
19.83	0.647213595
19.84	0.760845213
19.85	0.8
19.86	0.760845213
19.87	0.647213595
19.88	0.470228202
19.89	0.247213595
19.9	7.919E-14
19.91	-0.247213595
19.92	-0.470228202
19.93	-0.647213595
19.94	-0.760845213
19.95	-0.8
19.96	-0.760845213
19.97	-0.647213595
19.98	-0.470228202
19.99	-0.247213596
20	3.13499E-15
20.01	0.247213595
20.02	0.470228202
20.03	0.647213595
20.04	0.760845213
20.05	0.8
20.06	0.760845213
20.07	0.647213595
20.08	0.470228202
20.09	0.247213595
20.1	5.48953E-15
20.11	-0.247213595
20.12	-0.470228202
20.13	-0.647213595
20.14	-0.760845213
20.15	-0.8
20.16	-0.760845213
20.17	-0.647213595
20.18	-0.470228202
20.19	-0.247213595
20.2	-1.41141E-14
20.21	0.247213595
20.22	0.470228202
20.23	0.647213595
20.24	0.760845213
20.25	0.8
20.26	0.760845213
20.27	0.647213595
20.28	0.470228202
20.29	0.247213595
20.3	2.27386E-14
20.31	-0.247213595
20.32	-0.470228202
20.33	-0.647213595
20.34	-0.760845213
20.35	-0.8
20.36	-0.760845213
20.37	-0.647213595
20.38	-0.470228202
20.39	-0.247213595
20.4	-3.13631E-14
20.41	0.247213595
20.42	0.470228202
20.43	0.647213595
20.44	0.760845213
20.45	0.8
20.46	0.760845213
20.47	0.647213595
20.48	0.470228202
20.49	0.247213595
20.5	3.99876E-14
20.51	-0.247213595
20.52	-0.470228202
20.53	-0.647213595
20.54	-0.760845213
20.55	-0.8
20.56	-0.760845213
20.57	-0.647213595
20.58	-0.470228202
20.59	-0.247213595
20.6	4.23373E-14
20.61	0.247213595
20.62	0.470228202
20.63	0.647213595
20.64	0.760845213
20.65	0.8
20.66	0.760845213
20.67	0.647213595
20.68	0.470228202
20.69	0.247213595
20.7	5.72367E-14
20.71	-0.247213595
20.72	-0.470228202
20.73	-0.647213595
20.74	-0.760845213
20.75	-0.8
20.76	-0.760845213
20.77	-0.647213595
20.78	-0.470228202
20.79	-0.247213596
20.8	2.50883E-14
20.81	0.247213595
20.82	0.470228202
20.83	0.647213595
20.84	0.760845213
20.85	0.8
20.86	0.760845213
20.87	0.647213595
20.88	0.470228202
20.89	0.247213595
20.9	7.44857E-14
20.91	-0.247213595
20.92	-0.470228202
20.93	-0.647213595
20.94	-0.760845213
20.95	-0.8
20.96	-0.760845213
20.97	-0.647213595
20.98	-0.470228202
20.99	-0.247213596
21	7.83922E-15
21.01	0.247213595
21.02	0.470228202
21.03	0.647213595
21.04	0.760845213
21.05	0.8
21.06	0.760845213
21.07	0.647213595
21.08	0.470228202
21.09	0.247213595
21.1	7.85309E-16
21.11	-0.247213595
21.12	-0.470228202
21.13	-0.647213595
21.14	-0.760845213
21.15	-0.8
21.16	-0.760845213
21.17	-0.647213595
21.18	-0.470228202
21.19	-0.247213595
21.2	-9.40983E-15
21.21	0.247213595
21.22	0.470228202
21.23	0.647213595
21.24	0.760845213
21.25	0.8
21.26	0.760845213
21.27	0.647213595
21.28	0.470228202
21.29	0.247213595
21.3	1.80344E-14
21.31	-0.247213595
21.32	-0.470228202
21.33	-0.647213595
21.34	-0.760845213
21.35	-0.8
21.36	-0.760845213
21.37	-0.647213595
21.38	-0.470228202
21.39	-0.247213595
21.4	-2.66589E-14
21.41	0.247213595
21.42	0.470228202
21.43	0.647213595
21.44	0.760845213
21.45	0.8
21.46	0.760845213
21.47	0.647213595
21.48	0.470228202
21.49	0.247213595
21.5	3.52834E-14
21.51	-0.247213596
21.52	-0.470228202
21.53	-0.647213595
21.54	-0.760845213
21.55	-0.8
21.56	-0.760845213
21.57	-0.647213595
21.58	-0.470228202
21.59	-0.247213595
21.6	4.70415E-14
21.61	0.247213595
21.62	0.470228202
21.63	0.647213595
21.64	0.760845213
21.65	0.8
21.66	0.760845213
21.67	0.647213595
21.68	0.470228202
21.69	0.247213595
21.7	5.25325E-14
21.71	-0.247213595
21.72	-0.470228202
21.73	-0.647213595
21.74	-0.760845213
21.75	-0.8
21.76	-0.760845213
21.77	-0.647213595
21.78	-0.470228202
21.79	-0.247213596
21.8	2.97925E-14
21.81	0.247213595
21.82	0.470228202
21.83	0.647213595
21.84	0.760845213
21.85	0.8
21.86	0.760845213
21.87	0.647213595
21.88	0.470228202
21.89	0.247213595
21.9	6.97815E-14
21.91	-0.247213595
21.92	-0.470228202
21.93	-0.647213595
21.94	-0.760845213
21.95	-0.8
21.96	-0.760845213
21.97	-0.647213595
21.98	-0.470228202
21.99	-0.247213596
22	1.25434E-14
22.01	0.247213595
22.02	0.470228202
22.03	0.647213595
22.04	0.760845213
22.05	0.8
22.06	0.760845213
22.07	0.647213595
22.08	0.470228202
22.09	0.247213595
22.1	-3.91891E-15
22.11	-0.247213595
22.12	-0.470228202
22.13	-0.647213595
22.14	-0.760845213
22.15	-0.8
22.16	-0.760845213
22.17	-0.647213595
22.18	-0.470228202
22.19	-0.247213595
22.2	-4.70561E-15
22.21	0.247213595
22.22	0.470228202
22.23	0.647213595
22.24	0.760845213
22.25	0.8
22.26	0.760845213
22.27	0.647213596
22.28	0.470228202
22.29	0.247213595
22.3	1.33301E-14
22.31	-0.247213595
22.32	-0.470228202
22.33	-0.647213595
22.34	-0.760845213
22.35	-0.8
22.36	-0.760845213
22.37	-0.647213595
22.38	-0.470228202
22.39	-0.247213595
22.4	-2.19547E-14
22.41	0.247213595
22.42	0.470228202
22.43	0.647213595
22.44	0.760845213
22.45	0.8
22.46	0.760845213
22.47	0.647213596
22.48	0.470228202
22.49	0.247213595
22.5	3.05792E-14
22.51	-0.247213596
22.52	-0.470228202
22.53	-0.647213595
22.54	-0.760845213
22.55	-0.8
22.56	-0.760845213
22.57	-0.647213595
22.58	-0.470228202
22.59	-0.247213595
22.6	5.17458E-14
22.61	0.247213595
22.62	0.470228202
22.63	0.647213595
22.64	0.760845213
22.65	0.8
22.66	0.760845213
22.67	0.647213595
22.68	0.470228202
22.69	0.247213595
22.7	4.78282E-14
22.71	-0.247213595
22.72	-0.470228202
22.73	-0.647213595
22.74	-0.760845213
22.75	-0.8
22.76	-0.760845213
22.77	-0.647213595
22.78	-0.470228202
22.79	-0.247213596
22.8	3.44967E-14
22.81	0.247213595
22.82	0.470228202
22.83	0.647213595
22.84	0.760845213
22.85	0.8
22.86	0.760845213
22.87	0.647213595
22.88	0.470228202
22.89	0.247213595
22.9	6.50773E-14
22.91	-0.247213595
22.92	-0.470228202
22.93	-0.647213595
22.94	-0.760845213
22.95	-0.8
22.96	-0.760845213
22.97	-0.647213595
22.98	-0.470228202
22.99	-0.247213596
23	1.72477E-14
23.01	0.247213595
23.02	0.470228202
23.03	0.647213595
23.04	0.760845213
23.05	0.8
23.06	0.760845213
23.07	0.647213595
23.08	0.470228202
23.09	0.247213595
23.1	-8.62314E-15
23.11	-0.247213595
23.12	-0.470228202
23.13	-0.647213595
23.14	-0.760845213
23.15	-0.8
23.16	-0.760845213
23.17	-0.647213595
23.18	-0.470228202
23.19	-0.247213595
23.2	-1.38778E-18
23.21	0.247213595
23.22	0.470228202
23.23	0.647213595
23.24	0.760845213
23.25	0.8
23.26	0.760845213
23.27	0.647213595
23.28	0.470228202
23.29	0.247213596
23.3	8.62591E-15
23.31	-0.247213595
23.32	-0.470228202
23.33	-0.647213595
23.34	-0.760845213
23.35	-0.8
23.36	-0.760845213
23.37	-0.647213595
23.38	-0.470228202
23.39	-0.247213595
23.4	-1.72504E-14
23.41	0.247213595
23.42	0.470228202
23.43	0.647213595
23.44	0.760845213
23.45	0.8
23.46	0.760845213
23.47	0.647213596
23.48	0.470228202
23.49	0.247213596
23.5	2.5875E-14
23.51	-0.247213596
23.52	-0.470228202
23.53	-0.647213595
23.54	-0.760845213
23.55	-0.8
23.56	-0.760845213
23.57	-0.647213595
23.58	-0.470228202
23.59	-0.247213595
23.6	5.645E-14
23.61	0.247213595
23.62	0.470228202
23.63	0.647213595
23.64	0.760845213
23.65	0.8
23.66	0.760845213
23.67	0.647213595
23.68	0.470228202
23.69	0.247213595
23.7	4.3124E-14
23.71	-0.247213595
23.72	-0.470228202
23.73	-0.647213595
23.74	-0.760845213
23.75	-0.8
23.76	-0.760845213
23.77	-0.647213595
23.78	-0.470228202
23.79	-0.247213595
23.8	3.92009E-14
23.81	0.247213595
23.82	0.470228202
23.83	0.647213595
23.84	0.760845213
23.85	0.8
23.86	0.760845213
23.87	0.647213595
23.88	0.470228202
23.89	0.247213596
23.9	6.03731E-14
23.91	-0.247213595
23.92	-0.470228202
23.93	-0.647213595
23.94	-0.760845213
23.95	-0.8
23.96	-0.760845213
23.97	-0.647213595
23.98	-0.470228202
23.99	-0.247213596
24	-6.89976E-14
24.01	0.247213595
24.02	0.470228202
24.03	0.647213595
24.04	0.760845213
24.05	0.8
24.06	0.760845213
24.07	0.647213595
24.08	0.470228202
24.09	0.247213596
24.1	-1.33274E-14
24.11	-0.247213595
24.12	-0.470228202
24.13	-0.647213595
24.14	-0.760845213
24.15	-0.8
24.16	-0.760845213
24.17	-0.647213595
24.18	-0.470228202
24.19	-0.247213595
24.2	-8.62466E-14
24.21	0.247213595
24.22	0.470228202
24.23	0.647213595
24.24	0.760845213
24.25	0.8
24.26	0.760845213
24.27	0.647213595
24.28	0.470228202
24.29	0.247213596
24.3	3.92169E-15
24.31	-0.247213595
24.32	-0.470228202
24.33	-0.647213595
24.34	-0.760845213
24.35	-0.8
24.36	-0.760845213
24.37	-0.647213595
24.38	-0.470228202
24.39	-0.247213595
24.4	-1.03496E-13
24.41	0.247213595
24.42	0.470228202
24.43	0.647213595
24.44	0.760845213
24.45	0.8
24.46	0.760845213
24.47	0.647213596
24.48	0.470228202
24.49	0.247213596
24.5	2.11707E-14
24.51	-0.247213596
24.52	-0.470228202
24.53	-0.647213595
24.54	-0.760845213
24.55	-0.8
24.56	-0.760845213
24.57	-0.647213595
24.58	-0.470228202
24.59	-0.247213595
24.6	-2.97953E-14
24.61	0.247213595
24.62	0.470228202
24.63	0.647213595
24.64	0.760845213
24.65	0.8
24.66	0.760845213
24.67	0.647213595
24.68	0.470228202
24.69	0.247213595
24.7	3.84198E-14
24.71	-0.247213595
24.72	-0.470228202
24.73	-0.647213595
24.74	-0.760845213
24.75	-0.8
24.76	-0.760845213
24.77	-0.647213595
24.78	-0.470228202
24.79	-0.247213595
24.8	-4.70443E-14
24.81	0.247213595
24.82	0.470228202
24.83	0.647213595
24.84	0.760845213
24.85	0.8
24.86	0.760845213
24.87	0.647213595
24.88	0.470228202
24.89	0.247213596
24.9	5.56688E-14
24.91	-0.247213595
24.92	-0.470228202
24.93	-0.647213595
24.94	-0.760845213
24.95	-0.8
24.96	-0.760845213
24.97	-0.647213595
24.98	-0.470228202
24.99	-0.247213596
25	-6.42934E-14
25.01	0.247213595
25.02	0.470228202
25.03	0.647213595
25.04	0.760845213
25.05	0.8
25.06	0.760845213
25.07	0.647213595
25.08	0.470228202
25.09	0.247213596
25.1	-1.80316E-14
25.11	-0.247213595
25.12	-0.470228202
25.13	-0.647213595
25.14	-0.760845213
25.15	-0.8
25.16	-0.760845213
25.17	-0.647213595
25.18	-0.470228202
25.19	-0.247213595
25.2	-8.15424E-14
25.21	0.247213595
25.22	0.470228202
25.23	0.647213595
25.24	0.760845213
25.25	0.8
25.26	0.760845213
25.27	0.647213595
25.28	0.470228202
25.29	0.247213596
25.3	-7.82534E-16
25.31	-0.247213595
25.32	-0.470228202
25.33	-0.647213595
25.34	-0.760845213
25.35	-0.8
25.36	-0.760845213
25.37	-0.647213595
25.38	-0.470228202
25.39	-0.247213595
25.4	-9.87915E-14
25.41	0.247213595
25.42	0.470228202
25.43	0.647213595
25.44	0.760845213
25.45	0.8
25.46	0.760845213
25.47	0.647213596
25.48	0.470228202
25.49	0.247213596
25.5	1.64665E-14
25.51	-0.247213595
25.52	-0.470228202
25.53	-0.647213595
25.54	-0.760845213
25.55	-0.8
25.56	-0.760845213
25.57	-0.647213595
25.58	-0.470228202
25.59	-0.247213595
25.6	-2.5091E-14
25.61	0.247213595
25.62	0.470228202
25.63	0.647213595
25.64	0.760845213
25.65	0.8
25.66	0.760845213
25.67	0.647213595
25.68	0.470228202
25.69	0.247213595
25.7	3.37156E-14
25.71	-0.247213595
25.72	-0.470228202
25.73	-0.647213595
25.74	-0.760845213
25.75	-0.8
25.76	-0.760845213
25.77	-0.647213595
25.78	-0.470228202
25.79	-0.247213595
25.8	-4.23401E-14
25.81	0.247213595
25.82	0.470228202
25.83	0.647213595
25.84	0.760845213
25.85	0.8
25.86	0.760845213
25.87	0.647213595
25.88	0.470228202
25.89	0.247213595
25.9	5.09646E-14
25.91	-0.247213595
25.92	-0.470228202
25.93	-0.647213595
25.94	-0.760845213
25.95	-0.8
25.96	-0.760845213
25.97	-0.647213595
25.98	-0.470228202
25.99	-0.247213596
26	-5.95891E-14
26.01	0.247213595
26.02	0.470228202
26.03	0.647213595
26.04	0.760845213
26.05	0.8
26.06	0.760845213
26.07	0.647213595
26.08	0.470228202
26.09	0.247213596
26.1	-2.27358E-14
26.11	-0.247213595
26.12	-0.470228202
26.13	-0.647213595
26.14	-0.760845213
26.15	-0.8
26.16	-0.760845213
26.17	-0.647213595
26.18	-0.470228202
26.19	-0.247213595
26.2	-7.68382E-14
26.21	0.247213595
26.22	0.470228202
26.23	0.647213595
26.24	0.760845213
26.25	0.8
26.26	0.760845213
26.27	0.647213595
26.28	0.470228202
26.29	0.247213596
26.3	-5.48676E-15
26.31	-0.247213595
26.32	-0.470228202
26.33	-0.647213595
26.34	-0.760845213
26.35	-0.8
26.36	-0.760845213
26.37	-0.647213595
26.38	-0.470228202
26.39	-0.247213595
26.4	-9.40872E-14
26.41	0.247213595
26.42	0.470228202
26.43	0.647213595
26.44	0.760845213
26.45	0.8
26.46	0.760845213
26.47	0.647213596
26.48	0.470228202
26.49	0.247213596
26.5	1.17623E-14
26.51	-0.247213595
26.52	-0.470228202
26.53	-0.647213595
26.54	-0.760845213
26.55	-0.8
26.56	-0.760845213
26.57	-0.647213595
26.58	-0.470228202
26.59	-0.247213595
26.6	-2.03868E-14
26.61	0.247213595
26.62	0.470228202
26.63	0.647213595
26.64	0.760845213
26.65	0.8
26.66	0.760845213
26.67	0.647213595
26.68	0.470228202
26.69	0.247213595
26.7	2.90113E-14
26.71	-0.247213595
26.72	-0.470228202
26.73	-0.647213595
26.74	-0.760845213
26.75	-0.8
26.76	-0.760845213
26.77	-0.647213595
26.78	-0.470228202
26.79	-0.247213595
26.8	-3.76359E-14
26.81	0.247213595
26.82	0.470228202
26.83	0.647213595
26.84	0.760845213
26.85	0.8
26.86	0.760845213
26.87	0.647213595
26.88	0.470228202
26.89	0.247213595
26.9	4.62604E-14
26.91	-0.247213595
26.92	-0.470228202
26.93	-0.647213595
26.94	-0.760845213
26.95	-0.8
26.96	-0.760845213
26.97	-0.647213595
26.98	-0.470228202
26.99	-0.247213596
27	-5.48849E-14
27.01	0.247213595
27.02	0.470228202
27.03	0.647213595
27.04	0.760845213
27.05	0.8
27.06	0.760845213
27.07	0.647213595
27.08	0.470228202
27.09	0.247213596
27.1	-2.744E-14
27.11	-0.247213595
27.12	-0.470228202
27.13	-0.647213595
27.14	-0.760845213
27.15	-0.8
27.16	-0.760845213
27.17	-0.647213595
27.18	-0.470228202
27.19	-0.247213595
27.2	-7.2134E-14
27.21	0.247213595
27.22	0.470228202
27.23	0.647213595
27.24	0.760845213
27.25	0.8
27.26	0.760845213
27.27	0.647213595
27.28	0.470228202
27.29	0.247213596
27.3	-1.0191E-14
27.31	-0.247213595
27.32	-0.470228202
27.33	-0.647213595
27.34	-0.760845213
27.35	-0.8
27.36	-0.760845213
27.37	-0.647213595
27.38	-0.470228202
27.39	-0.247213595
27.4	-8.9383E-14
27.41	0.247213595
27.42	0.470228202
27.43	0.647213595
27.44	0.760845213
27.45	0.8
27.46	0.760845213
27.47	0.647213595
27.48	0.470228202
27.49	0.247213596
27.5	7.05807E-15
27.51	-0.247213595
27.52	-0.470228202
27.53	-0.647213595
27.54	-0.760845213
27.55	-0.8
27.56	-0.760845213
27.57	-0.647213595
27.58	-0.470228202
27.59	-0.247213595
27.6	-1.56826E-14
27.61	0.247213595
27.62	0.470228202
27.63	0.647213595
27.64	0.760845213
27.65	0.8
27.66	0.760845213
27.67	0.647213595
27.68	0.470228202
27.69	0.247213595
27.7	2.43071E-14
27.71	-0.247213595
27.72	-0.470228202
27.73	-0.647213595
27.74	-0.760845213
27.75	-0.8
27.76	-0.760845213
27.77	-0.647213595
27.78	-0.470228202
27.79	-0.247213595
27.8	-3.29316E-14
27.81	0.247213595
27.82	0.470228202
27.83	0.647213595
27.84	0.760845213
27.85	0.8
27.86	0.760845213
27.87	0.647213595
27.88	0.470228202
27.89	0.247213595
27.9	4.15562E-14
27.91	-0.247213595
27.92	-0.470228202
27.93	-0.647213595
27.94	-0.760845213
27.95	-0.8
27.96	-0.760845213
27.97	-0.647213595
27.98	-0.470228202
27.99	-0.247213595
28	-5.01807E-14
28.01	0.247213595
28.02	0.470228202
28.03	0.647213595
28.04	0.760845213
28.05	0.8
28.06	0.760845213
28.07	0.647213595
28.08	0.470228202
28.09	0.247213596
28.1	-3.21443E-14
28.11	-0.247213595
28.12	-0.470228202
28.13	-0.647213595
28.14	-0.760845213
28.15	-0.8
28.16	-0.760845213
28.17	-0.647213595
28.18	-0.470228202
28.19	-0.247213595
28.2	-6.74297E-14
28.21	0.247213595
28.22	0.470228202
28.23	0.647213595
28.24	0.760845213
28.25	0.8
28.26	0.760845213
28.27	0.647213595
28.28	0.470228202
28.29	0.247213596
28.3	-1.48952E-14
28.31	-0.247213595
28.32	-0.470228202
28.33	-0.647213595
28.34	-0.760845213
28.35	-0.8
28.36	-0.760845213
28.37	-0.647213595
28.38	-0.470228202
28.39	-0.247213595
28.4	-8.46788E-14
28.41	0.247213595
28.42	0.470228202
28.43	0.647213595
28.44	0.760845213
28.45	0.8
28.46	0.760845213
28.47	0.647213595
28.48	0.470228202
28.49	0.247213596
28.5	2.35385E-15
28.51	-0.247213595
28.52	-0.470228202
28.53	-0.647213595
28.54	-0.760845213
28.55	-0.8
28.56	-0.760845213
28.57	-0.647213595
28.58	-0.470228202
28.59	-0.247213595
28.6	-1.09784E-14
28.61	0.247213595
28.62	0.470228202
28.63	0.647213595
28.64	0.760845213
28.65	0.8
28.66	0.760845213
28.67	0.647213595
28.68	0.470228202
28.69	0.247213595
28.7	1.96029E-14
28.71	-0.247213595
28.72	-0.470228202
28.73	-0.647213595
28.74	-0.760845213
28.75	-0.8
28.76	-0.760845213
28.77	-0.647213595
28.78	-0.470228202
28.79	-0.247213595
28.8	-2.82274E-14
28.81	0.247213595
28.82	0.470228202
28.83	0.647213595
28.84	0.760845213
28.85	0.8
28.86	0.760845213
28.87	0.647213595
28.88	0.470228202
28.89	0.247213595
28.9	3.68519E-14
28.91	-0.247213595
28.92	-0.470228202
28.93	-0.647213595
28.94	-0.760845213
28.95	-0.8
28.96	-0.760845213
28.97	-0.647213595
28.98	-0.470228202
28.99	-0.247213595
29	-4.54765E-14
29.01	0.247213595
29.02	0.470228202
29.03	0.647213595
29.04	0.760845213
29.05	0.8
29.06	0.760845213
29.07	0.647213595
29.08	0.470228202
29.09	0.247213596
29.1	-3.68485E-14
29.11	-0.247213595
29.12	-0.470228202
29.13	-0.647213595
29.14	-0.760845213
29.15	-0.8
29.16	-0.760845213
29.17	-0.647213595
29.18	-0.470228202
29.19	-0.247213595
29.2	-6.27255E-14
29.21	0.247213595
29.22	0.470228202
29.23	0.647213595
29.24	0.760845213
29.25	0.8
29.26	0.760845213
29.27	0.647213595
29.28	0.470228202
29.29	0.247213596
29.3	-1.95994E-14
29.31	-0.247213595
29.32	-0.470228202
29.33	-0.647213595
29.34	-0.760845213
29.35	-0.8
29.36	-0.760845213
29.37	-0.647213595
29.38	-0.470228202
29.39	-0.247213595
29.4	-7.99746E-14
29.41	0.247213595
29.42	0.470228202
29.43	0.647213595
29.44	0.760845213
29.45	0.8
29.46	0.760845213
29.47	0.647213595
29.48	0.470228202
29.49	0.247213596
29.5	-2.35038E-15
29.51	-0.247213595
29.52	-0.470228202
29.53	-0.647213595
29.54	-0.760845213
29.55	-0.8
29.56	-0.760845213
29.57	-0.647213595
29.58	-0.470228202
29.59	-0.247213595
29.6	-6.27415E-15
29.61	0.247213595
29.62	0.470228202
29.63	0.647213595
29.64	0.760845213
29.65	0.8
29.66	0.760845213
29.67	0.647213595
29.68	0.470228202
29.69	0.247213595
29.7	1.48987E-14
29.71	-0.247213595
29.72	-0.470228202
29.73	-0.647213595
29.74	-0.760845213
29.75	-0.8
29.76	-0.760845213
29.77	-0.647213596
29.78	-0.470228202
29.79	-0.247213595
29.8	-2.35232E-14
29.81	0.247213595
29.82	0.470228202
29.83	0.647213595
29.84	0.760845213
29.85	0.8
29.86	0.760845213
29.87	0.647213595
29.88	0.470228202
29.89	0.247213595
29.9	3.21477E-14
29.91	-0.247213595
29.92	-0.470228202
29.93	-0.647213595
29.94	-0.760845213
29.95	-0.8
29.96	-0.760845213
29.97	-0.647213596
29.98	-0.470228202
29.99	-0.247213595
30	-4.07722E-14
30.01	0.247213595
30.02	0.470228202
30.03	0.647213595
30.04	0.760845213
30.05	0.8
30.06	0.760845213
30.07	0.647213595
30.08	0.470228202
30.09	0.247213595
30.1	-4.15527E-14
30.11	-0.247213595
30.12	-0.470228202
30.13	-0.647213595
30.14	-0.760845213
30.15	-0.8
30.16	-0.760845213
30.17	-0.647213595
30.18	-0.470228202
30.19	-0.247213595
30.2	-5.80213E-14
30.21	0.247213595
30.22	0.470228202
30.23	0.647213595
30.24	0.760845213
30.25	0.8
30.26	0.760845213
30.27	0.647213595
30.28	0.470228202
30.29	0.247213596
30.3	-2.43036E-14
30.31	-0.247213595
30.32	-0.470228202
30.33	-0.647213595
30.34	-0.760845213
30.35	-0.8
30.36	-0.760845213
30.37	-0.647213595
30.38	-0.470228202
30.39	-0.247213595
30.4	-7.52703E-14
30.41	0.247213595
30.42	0.470228202
30.43	0.647213595
30.44	0.760845213
30.45	0.8
30.46	0.760845213
30.47	0.647213595
30.48	0.470228202
30.49	0.247213596
30.5	-7.0546E-15
30.51	-0.247213595
30.52	-0.470228202
30.53	-0.647213595
30.54	-0.760845213
30.55	-0.8
30.56	-0.760845213
30.57	-0.647213595
30.58	-0.470228202
30.59	-0.247213595
30.6	-1.56992E-15
30.61	0.247213595
30.62	0.470228202
30.63	0.647213595
30.64	0.760845213
30.65	0.8
30.66	0.760845213
30.67	0.647213595
30.68	0.470228202
30.69	0.247213595
30.7	1.01944E-14
30.71	-0.247213595
30.72	-0.470228202
30.73	-0.647213595
30.74	-0.760845213
30.75	-0.8
30.76	-0.760845213
30.77	-0.647213596
30.78	-0.470228202
30.79	-0.247213595
30.8	-1.8819E-14
30.81	0.247213595
30.82	0.470228202
30.83	0.647213595
30.84	0.760845213
30.85	0.8
30.86	0.760845213
30.87	0.647213595
30.88	0.470228202
30.89	0.247213595
30.9	2.74435E-14
30.91	-0.247213595
30.92	-0.470228202
30.93	-0.647213595
30.94	-0.760845213
30.95	-0.8
30.96	-0.760845213
30.97	-0.647213596
30.98	-0.470228202
30.99	-0.247213595
31	-3.6068E-14
31.01	0.247213596
31.02	0.470228202
31.03	0.647213595
31.04	0.760845213
31.05	0.8
31.06	0.760845213
31.07	0.647213595
31.08	0.470228202
31.09	0.247213595
31.1	-4.62569E-14
31.11	-0.247213595
31.12	-0.470228202
31.13	-0.647213595
31.14	-0.760845213
31.15	-0.8
31.16	-0.760845213
31.17	-0.647213595
31.18	-0.470228202
31.19	-0.247213595
31.2	-5.33171E-14
31.21	0.247213595
31.22	0.470228202
31.23	0.647213595
31.24	0.760845213
31.25	0.8
31.26	0.760845213
31.27	0.647213595
31.28	0.470228202
31.29	0.247213596
31.3	-2.90079E-14
31.31	-0.247213595
31.32	-0.470228202
31.33	-0.647213595
31.34	-0.760845213
31.35	-0.8
31.36	-0.760845213
31.37	-0.647213595
31.38	-0.470228202
31.39	-0.247213596
31.4	-7.05661E-14
31.41	0.247213595
31.42	0.470228202
31.43	0.647213595
31.44	0.760845213
31.45	0.8
31.46	0.760845213
31.47	0.647213595
31.48	0.470228202
31.49	0.247213596
31.5	-1.17588E-14
31.51	-0.247213595
31.52	-0.470228202
31.53	-0.647213595
31.54	-0.760845213
31.55	-0.8
31.56	-0.760845213
31.57	-0.647213595
31.58	-0.470228202
31.59	-0.247213596
31.6	3.1343E-15
31.61	0.247213595
31.62	0.470228202
31.63	0.647213595
31.64	0.760845213
31.65	0.8
31.66	0.760845213
31.67	0.647213595
31.68	0.470228202
31.69	0.247213595
31.7	5.49023E-15
31.71	-0.247213595
31.72	-0.470228202
31.73	-0.647213595
31.74	-0.760845213
31.75	-0.8
31.76	-0.760845213
31.77	-0.647213596
31.78	-0.470228202
31.79	-0.247213596
31.8	-1.41148E-14
31.81	0.247213595
31.82	0.470228202
31.83	0.647213595
31.84	0.760845213
31.85	0.8
31.86	0.760845213
31.87	0.647213595
31.88	0.470228202
31.89	0.247213595
31.9	2.27393E-14
31.91	-0.247213595
31.92	-0.470228202
31.93	-0.647213595
31.94	-0.760845213
31.95	-0.8
31.96	-0.760845213
31.97	-0.647213596
31.98	-0.470228202
31.99	-0.247213596
32	-3.13638E-14
32.01	0.247213595
32.02	0.470228202
32.03	0.647213595
32.04	0.760845213
32.05	0.8
32.06	0.760845213
32.07	0.647213595
32.08	0.470228202
32.09	0.247213595
32.1	3.99883E-14
32.11	-0.247213595
32.12	-0.470228202
32.13	-0.647213595
32.14	-0.760845213
32.15	-0.8
32.16	-0.760845213
32.17	-0.647213595
32.18	-0.470228202
32.19	-0.247213596
32.2	4.23366E-14
32.21	0.247213595
32.22	0.470228202
32.23	0.647213595
32.24	0.760845213
32.25	0.8
32.26	0.760845213
32.27	0.647213595
32.28	0.470228202
32.29	0.247213596
32.3	1.48187E-13
32.31	-0.247213595
32.32	-0.470228202
32.33	-0.647213595
32.34	-0.760845213
32.35	-0.8
32.36	-0.760845213
32.37	-0.647213596
32.38	-0.470228202
32.39	-0.247213596
32.4	-6.58619E-14
32.41	0.247213595
32.42	0.470228202
32.43	0.647213595
32.44	0.760845213
32.45	0.8
32.46	0.760845213
32.47	0.647213595
32.48	0.470228202
32.49	0.247213595
32.5	7.44864E-14
32.51	-0.247213595
32.52	-0.470228202
32.53	-0.647213595
32.54	-0.760845213
32.55	-0.8
32.56	-0.760845213
32.57	-0.647213595
32.58	-0.470228202
32.59	-0.247213595
32.6	-8.31109E-14
32.61	0.247213595
32.62	0.470228202
32.63	0.647213595
32.64	0.760845213
32.65	0.8
32.66	0.760845213
32.67	0.647213595
32.68	0.470228202
32.69	0.247213596
32.7	7.86003E-16
32.71	-0.247213595
32.72	-0.470228202
32.73	-0.647213595
32.74	-0.760845213
32.75	-0.8
32.76	-0.760845213
32.77	-0.647213595
32.78	-0.470228202
32.79	-0.247213596
32.8	-1.0036E-13
32.81	0.247213596
32.82	0.470228202
32.83	0.647213595
32.84	0.760845213
32.85	0.8
32.86	0.760845213
32.87	0.647213596
32.88	0.470228202
32.89	0.247213595
32.9	1.80351E-14
32.91	-0.247213595
32.92	-0.470228202
32.93	-0.647213595
32.94	-0.760845213
32.95	-0.8
32.96	-0.760845213
32.97	-0.647213596
32.98	-0.470228202
32.99	-0.247213595
33	-1.17609E-13
33.01	0.247213595
33.02	0.470228202
33.03	0.647213595
33.04	0.760845213
33.05	0.8
33.06	0.760845213
33.07	0.647213595
33.08	0.470228202
33.09	0.247213595
33.1	3.52841E-14
33.11	-0.247213595
33.12	-0.470228202
33.13	-0.647213596
33.14	-0.760845213
33.15	-0.8
33.16	-0.760845213
33.17	-0.647213595
33.18	-0.470228202
33.19	-0.247213596
33.2	4.70408E-14
33.21	0.247213595
33.22	0.470228202
33.23	0.647213595
33.24	0.760845213
33.25	0.8
33.26	0.760845213
33.27	0.647213595
33.28	0.470228202
33.29	0.247213595
33.3	5.25332E-14
33.31	-0.247213595
33.32	-0.470228202
33.33	-0.647213595
33.34	-0.760845213
33.35	-0.8
33.36	-0.760845213
33.37	-0.647213596
33.38	-0.470228202
33.39	-0.247213595
33.4	-1.52107E-13
33.41	0.247213595
33.42	0.470228202
33.43	0.647213595
33.44	0.760845213
33.45	0.8
33.46	0.760845213
33.47	0.647213595
33.48	0.470228202
33.49	0.247213596
33.5	6.97822E-14
33.51	-0.247213595
33.52	-0.470228202
33.53	-0.647213596
33.54	-0.760845213
33.55	-0.8
33.56	-0.760845213
33.57	-0.647213595
33.58	-0.470228202
33.59	-0.247213595
33.6	1.25427E-14
33.61	0.247213595
33.62	0.470228202
33.63	0.647213595
33.64	0.760845213
33.65	0.8
33.66	0.760845213
33.67	0.647213595
33.68	0.470228202
33.69	0.247213596
33.7	-9.48677E-14
33.71	-0.247213595
33.72	-0.470228202
33.73	-0.647213595
33.74	-0.760845213
33.75	-0.8
33.76	-0.760845213
33.77	-0.647213595
33.78	-0.470228202
33.79	-0.247213595
33.8	-1.86605E-13
33.81	0.247213595
33.82	0.470228202
33.83	0.647213595
33.84	0.760845213
33.85	0.8
33.86	0.760845213
33.87	0.647213596
33.88	0.470228202
33.89	0.247213596
33.9	1.0428E-13
33.91	-0.247213595
33.92	-0.470228202
33.93	-0.647213595
33.94	-0.760845213
33.95	-0.8
33.96	-0.760845213
33.97	-0.647213595
33.98	-0.470228202
33.99	-0.247213595
34	-2.19554E-14
34.01	0.247213595
34.02	0.470228202
34.03	0.647213595
34.04	0.760845213
34.05	0.8
34.06	0.760845213
34.07	0.647213596
34.08	0.470228202
34.09	0.247213595
34.1	-6.03696E-14
34.11	-0.247213595
34.12	-0.470228202
34.13	-0.647213595
34.14	-0.760845213
34.15	-0.8
34.16	-0.760845213
34.17	-0.647213595
34.18	-0.470228202
34.19	-0.247213595
34.2	-3.92044E-14
34.21	0.247213595
34.22	0.470228202
34.23	0.647213595
34.24	0.760845213
34.25	0.8
34.26	0.760845213
34.27	0.647213595
34.28	0.470228202
34.29	0.247213596
34.3	1.38778E-13
34.31	-0.247213595
34.32	-0.470228202
34.33	-0.647213595
34.34	-0.760845213
34.35	-0.8
34.36	-0.760845213
34.37	-0.647213595
34.38	-0.470228202
34.39	-0.247213596
34.4	-5.64535E-14
34.41	0.247213595
34.42	0.470228202
34.43	0.647213595
34.44	0.760845213
34.45	0.8
34.46	0.760845213
34.47	0.647213596
34.48	0.470228202
34.49	0.247213595
34.5	-2.58715E-14
34.51	-0.247213595
34.52	-0.470228202
34.53	-0.647213595
34.54	-0.760845213
34.55	-0.8
34.56	-0.760845213
34.57	-0.647213595
34.58	-0.470228202
34.59	-0.247213595
34.6	-7.37025E-14
34.61	0.247213595
34.62	0.470228202
34.63	0.647213596
34.64	0.760845213
34.65	0.8
34.66	0.760845213
34.67	0.647213595
34.68	0.470228202
34.69	0.247213596
34.7	-8.62244E-15
34.71	-0.247213595
34.72	-0.470228202
34.73	-0.647213595
34.74	-0.760845213
34.75	-0.8
34.76	-0.760845213
34.77	-0.647213595
34.78	-0.470228202
34.79	-0.247213596
34.8	-9.09516E-14
34.81	0.247213596
34.82	0.470228202
34.83	0.647213595
34.84	0.760845213
34.85	0.8
34.86	0.760845213
34.87	0.647213596
34.88	0.470228202
34.89	0.247213595
34.9	8.62661E-15
34.91	-0.247213595
34.92	-0.470228202
34.93	-0.647213595
34.94	-0.760845213
34.95	-0.8
34.96	-0.760845213
34.97	-0.647213596
34.98	-0.470228202
34.99	-0.247213595
35	-1.08201E-13
35.01	0.247213595
35.02	0.470228202
35.03	0.647213595
35.04	0.760845213
35.05	0.8
35.06	0.760845213
35.07	0.647213595
35.08	0.470228202
35.09	0.247213595
35.1	2.58757E-14
35.11	-0.247213595
35.12	-0.470228202
35.13	-0.647213595
35.14	-0.760845213
35.15	-0.8
35.16	-0.760845213
35.17	-0.647213595
35.18	-0.470228202
35.19	-0.247213596
35.2	5.64493E-14
35.21	0.247213596
35.22	0.470228202
35.23	0.647213595
35.24	0.760845213
35.25	0.8
35.26	0.760845213
35.27	0.647213595
35.28	0.470228202
35.29	0.247213595
35.3	4.31247E-14
35.31	-0.247213595
35.32	-0.470228202
35.33	-0.647213595
35.34	-0.760845213
35.35	-0.8
35.36	-0.760845213
35.37	-0.647213596
35.38	-0.470228202
35.39	-0.247213595
35.4	-1.42699E-13
35.41	0.247213595
35.42	0.470228202
35.43	0.647213595
35.44	0.760845213
35.45	0.8
35.46	0.760845213
35.47	0.647213595
35.48	0.470228202
35.49	0.247213596
35.5	6.03738E-14
35.51	-0.247213595
35.52	-0.470228202
35.53	-0.647213595
35.54	-0.760845213
35.55	-0.8
35.56	-0.760845213
35.57	-0.647213595
35.58	-0.470228202
35.59	-0.247213595
35.6	2.19512E-14
35.61	0.247213595
35.62	0.470228202
35.63	0.647213595
35.64	0.760845213
35.65	0.8
35.66	0.760845213
35.67	0.647213595
35.68	0.470228202
35.69	0.247213596
35.7	-1.04276E-13
35.71	-0.247213595
35.72	-0.470228202
35.73	-0.647213595
35.74	-0.760845213
35.75	-0.8
35.76	-0.760845213
35.77	-0.647213595
35.78	-0.470228202
35.79	-0.247213595
35.8	-1.77197E-13
35.81	0.247213595
35.82	0.470228202
35.83	0.647213595
35.84	0.760845213
35.85	0.8
35.86	0.760845213
35.87	0.647213595
35.88	0.470228202
35.89	0.247213596
35.9	9.48719E-14
35.91	-0.247213595
35.92	-0.470228202
35.93	-0.647213595
35.94	-0.760845213
35.95	-0.8
35.96	-0.760845213
35.97	-0.647213595
35.98	-0.470228202
35.99	-0.247213595
36	-1.25469E-14
36.01	0.247213595
36.02	0.470228202
36.03	0.647213595
36.04	0.760845213
36.05	0.8
36.06	0.760845213
36.07	0.647213596
36.08	0.470228202
36.09	0.247213595
36.1	-6.9778E-14
36.11	-0.247213595
36.12	-0.470228202
36.13	-0.647213595
36.14	-0.760845213
36.15	-0.8
36.16	-0.760845213
36.17	-0.647213595
36.18	-0.470228202
36.19	-0.247213595
36.2	-2.9796E-14
36.21	0.247213595
36.22	0.470228202
36.23	0.647213595
36.24	0.760845213
36.25	0.8
36.26	0.760845213
36.27	0.647213595
36.28	0.470228202
36.29	0.247213596
36.3	1.2937E-13
36.31	-0.247213595
36.32	-0.470228202
36.33	-0.647213595
36.34	-0.760845213
36.35	-0.8
36.36	-0.760845213
36.37	-0.647213595
36.38	-0.470228202
36.39	-0.247213595
36.4	-4.7045E-14
36.41	0.247213595
36.42	0.470228202
36.43	0.647213595
36.44	0.760845213
36.45	0.8
36.46	0.760845213
36.47	0.647213596
36.48	0.470228202
36.49	0.247213595
36.5	-3.52799E-14
36.51	-0.247213595
36.52	-0.470228202
36.53	-0.647213595
36.54	-0.760845213
36.55	-0.8
36.56	-0.760845213
36.57	-0.647213595
36.58	-0.470228202
36.59	-0.247213595
36.6	-6.42941E-14
36.61	0.247213595
36.62	0.470228202
36.63	0.647213596
36.64	0.760845213
36.65	0.8
36.66	0.760845213
36.67	0.647213595
36.68	0.470228202
36.69	0.247213596
36.7	-1.80309E-14
36.71	-0.247213595
36.72	-0.470228202
36.73	-0.647213595
36.74	-0.760845213
36.75	-0.8
36.76	-0.760845213
36.77	-0.647213595
36.78	-0.470228202
36.79	-0.247213596
36.8	-8.15431E-14
36.81	0.247213596
36.82	0.470228202
36.83	0.647213595
36.84	0.760845213
36.85	0.8
36.86	0.760845213
36.87	0.647213596
36.88	0.470228202
36.89	0.247213595
36.9	-7.8184E-16
36.91	-0.247213595
36.92	-0.470228202
36.93	-0.647213595
36.94	-0.760845213
36.95	-0.8
36.96	-0.760845213
36.97	-0.647213595
36.98	-0.470228202
36.99	-0.247213595
37	-9.87922E-14
37.01	0.247213595
37.02	0.470228202
37.03	0.647213595
37.04	0.760845213
37.05	0.8
37.06	0.760845213
37.07	0.647213595
37.08	0.470228202
37.09	0.247213595
37.1	1.64672E-14
37.11	-0.247213595
37.12	-0.470228202
37.13	-0.647213595
37.14	-0.760845213
37.15	-0.8
37.16	-0.760845213
37.17	-0.647213595
37.18	-0.470228202
37.19	-0.247213596
37.2	6.58577E-14
37.21	0.247213596
37.22	0.470228202
37.23	0.647213595
37.24	0.760845213
37.25	0.8
37.26	0.760845213
37.27	0.647213595
37.28	0.470228202
37.29	0.247213595
37.3	3.37163E-14
37.31	-0.247213595
37.32	-0.470228202
37.33	-0.647213595
37.34	-0.760845213
37.35	-0.8
37.36	-0.760845213
37.37	-0.647213596
37.38	-0.470228202
37.39	-0.247213595
37.4	-1.3329E-13
37.41	0.247213595
37.42	0.470228202
37.43	0.647213595
37.44	0.760845213
37.45	0.8
37.46	0.760845213
37.47	0.647213595
37.48	0.470228202
37.49	0.247213595
37.5	5.09653E-14
37.51	-0.247213595
37.52	-0.470228202
37.53	-0.647213595
37.54	-0.760845213
37.55	-0.8
37.56	-0.760845213
37.57	-0.647213596
37.58	-0.470228202
37.59	-0.247213595
37.6	3.13596E-14
37.61	0.247213595
37.62	0.470228202
37.63	0.647213595
37.64	0.760845213
37.65	0.8
37.66	0.760845213
37.67	0.647213595
37.68	0.470228202
37.69	0.247213596
37.7	-1.13685E-13
37.71	-0.247213595
37.72	-0.470228202
37.73	-0.647213595
37.74	-0.760845213
37.75	-0.8
37.76	-0.760845213
37.77	-0.647213595
37.78	-0.470228202
37.79	-0.247213595
37.8	-1.67788E-13
37.81	0.247213595
37.82	0.470228202
37.83	0.647213595
37.84	0.760845213
37.85	0.8
37.86	0.760845213
37.87	0.647213595
37.88	0.470228202
37.89	0.247213596
37.9	8.54634E-14
37.91	-0.247213595
37.92	-0.470228202
37.93	-0.647213595
37.94	-0.760845213
37.95	-0.8
37.96	-0.760845213
37.97	-0.647213596
37.98	-0.470228202
37.99	-0.247213595
38	-3.13846E-15
38.01	0.247213595
38.02	0.470228202
38.03	0.647213595
38.04	0.760845213
38.05	0.8
38.06	0.760845213
38.07	0.647213596
38.08	0.470228202
38.09	0.247213595
38.1	-7.91865E-14
38.11	-0.247213595
38.12	-0.470228202
38.13	-0.647213595
38.14	-0.760845213
38.15	-0.8
38.16	-0.760845213
38.17	-0.647213595
38.18	-0.470228202
38.19	-0.247213595
38.2	-2.03875E-14
38.21	0.247213595
38.22	0.470228202
38.23	0.647213595
38.24	0.760845213
38.25	0.8
38.26	0.760845213
38.27	0.647213595
38.28	0.470228202
38.29	0.247213596
38.3	1.19962E-13
38.31	-0.247213596
38.32	-0.470228202
38.33	-0.647213595
38.34	-0.760845213
38.35	-0.8
38.36	-0.760845213
38.37	-0.647213596
38.38	-0.470228202
38.39	-0.247213595
38.4	-3.76366E-14
38.41	0.247213595
38.42	0.470228202
38.43	0.647213595
38.44	0.760845213
38.45	0.8
38.46	0.760845213
38.47	0.647213596
38.48	0.470228202
38.49	0.247213595
38.5	-4.46884E-14
38.51	-0.247213595
38.52	-0.470228202
38.53	-0.647213595
38.54	-0.760845213
38.55	-0.8
38.56	-0.760845213
38.57	-0.647213595
38.58	-0.470228202
38.59	-0.247213595
38.6	-5.48856E-14
38.61	0.247213595
38.62	0.470228202
38.63	0.647213596
38.64	0.760845213
38.65	0.8
38.66	0.760845213
38.67	0.647213595
38.68	0.470228202
38.69	0.247213596
38.7	-2.74393E-14
38.71	-0.247213595
38.72	-0.470228202
38.73	-0.647213595
38.74	-0.760845213
38.75	-0.8
38.76	-0.760845213
38.77	-0.647213595
38.78	-0.470228202
38.79	-0.247213596
38.8	-7.21347E-14
38.81	0.247213596
38.82	0.470228202
38.83	0.647213595
38.84	0.760845213
38.85	0.8
38.86	0.760845213
38.87	0.647213596
38.88	0.470228202
38.89	0.247213595
38.9	-1.01903E-14
38.91	-0.247213595
38.92	-0.470228202
38.93	-0.647213595
38.94	-0.760845213
38.95	-0.8
38.96	-0.760845213
38.97	-0.647213595
38.98	-0.470228202
38.99	-0.247213595
39	-8.93837E-14
39.01	0.247213595
39.02	0.470228202
39.03	0.647213595
39.04	0.760845213
39.05	0.8
39.06	0.760845213
39.07	0.647213595
39.08	0.470228202
39.09	0.247213595
39.1	7.05876E-15
39.11	-0.247213595
39.12	-0.470228202
39.13	-0.647213595
39.14	-0.760845213
39.15	-0.8
39.16	-0.760845213
39.17	-0.647213596
39.18	-0.470228202
39.19	-0.247213596
39.2	7.52662E-14
39.21	0.247213596
39.22	0.470228202
39.23	0.647213595
39.24	0.760845213
39.25	0.8
39.26	0.760845213
39.27	0.647213595
39.28	0.470228202
39.29	0.247213595
39.3	2.43078E-14
39.31	-0.247213595
39.32	-0.470228202
39.33	-0.647213595
39.34	-0.760845213
39.35	-0.8
39.36	-0.760845213
39.37	-0.647213596
39.38	-0.470228202
39.39	-0.247213596
39.4	-1.23882E-13
39.41	0.247213595
39.42	0.470228202
39.43	0.647213595
39.44	0.760845213
39.45	0.8
39.46	0.760845213
39.47	0.647213595
39.48	0.470228202
39.49	0.247213595
39.5	4.15569E-14
39.51	-0.247213595
39.52	-0.470228202
39.53	-0.647213595
39.54	-0.760845213
39.55	-0.8
39.56	-0.760845213
39.57	-0.647213596
39.58	-0.470228202
39.59	-0.247213595
39.6	4.07681E-14
39.61	0.247213595
39.62	0.470228202
39.63	0.647213595
39.64	0.760845213
39.65	0.8
39.66	0.760845213
39.67	0.647213595
39.68	0.470228202
39.69	0.247213596
39.7	-1.23093E-13
39.71	-0.247213595
39.72	-0.470228202
39.73	-0.647213595
39.74	-0.760845213
39.75	-0.8
39.76	-0.760845213
39.77	-0.647213595
39.78	-0.470228202
39.79	-0.247213596
39.8	-1.5838E-13
39.81	0.247213595
39.82	0.470228202
39.83	0.647213595
39.84	0.760845213
39.85	0.8
39.86	0.760845213
39.87	0.647213595
39.88	0.470228202
39.89	0.247213596
39.9	7.6055E-14
39.91	-0.247213595
39.92	-0.470228202
39.93	-0.647213595
39.94	-0.760845213
39.95	-0.8
39.96	-0.760845213
39.97	-0.647213596
39.98	-0.470228202
39.99	-0.247213595
40	6.26998E-15
40.01	0.247213595
40.02	0.470228202
40.03	0.647213595
40.04	0.760845213
40.05	0.8
40.06	0.760845213
40.07	0.647213595
40.08	0.470228202
40.09	0.247213595
40.1	9.3304E-14
40.11	-0.247213595
40.12	-0.470228202
40.13	-0.647213595
40.14	-0.760845213
40.15	-0.8
40.16	-0.760845213
40.17	-0.647213595
40.18	-0.470228202
40.19	-0.247213596
40.2	-1.09791E-14
40.21	0.247213595
40.22	0.470228202
40.23	0.647213595
40.24	0.760845213
40.25	0.8
40.26	0.760845213
40.27	0.647213595
40.28	0.470228202
40.29	0.247213596
40.3	1.10553E-13
40.31	-0.247213596
40.32	-0.470228202
40.33	-0.647213595
40.34	-0.760845213
40.35	-0.8
40.36	-0.760845213
40.37	-0.647213596
40.38	-0.470228202
40.39	-0.247213595
40.4	-2.82281E-14
40.41	0.247213595
40.42	0.470228202
40.43	0.647213595
40.44	0.760845213
40.45	0.8
40.46	0.760845213
40.47	0.647213596
40.48	0.470228202
40.49	0.247213595
40.5	1.27802E-13
40.51	-0.247213595
40.52	-0.470228202
40.53	-0.647213595
40.54	-0.760845213
40.55	-0.8
40.56	-0.760845213
40.57	-0.647213595
40.58	-0.470228202
40.59	-0.247213595
40.6	-4.54772E-14
40.61	0.247213595
40.62	0.470228202
40.63	0.647213596
40.64	0.760845213
40.65	0.8
40.66	0.760845213
40.67	0.647213595
40.68	0.470228202
40.69	0.247213596
40.7	-3.68478E-14
40.71	-0.247213595
40.72	-0.470228202
40.73	-0.647213595
40.74	-0.760845213
40.75	-0.8
40.76	-0.760845213
40.77	-0.647213595
40.78	-0.470228202
40.79	-0.247213596
40.8	-6.27262E-14
40.81	0.247213595
40.82	0.470228202
40.83	0.647213595
40.84	0.760845213
40.85	0.8
40.86	0.760845213
40.87	0.647213596
40.88	0.470228202
40.89	0.247213595
40.9	1.623E-13
40.91	-0.247213595
40.92	-0.470228202
40.93	-0.647213595
40.94	-0.760845213
40.95	-0.8
40.96	-0.760845213
40.97	-0.647213595
40.98	-0.470228202
40.99	-0.247213596
41	-7.99753E-14
41.01	0.247213595
41.02	0.470228202
41.03	0.647213596
41.04	0.760845213
41.05	0.8
41.06	0.760845213
41.07	0.647213595
41.08	0.470228202
41.09	0.247213595
41.1	-2.34968E-15
41.11	-0.247213595
41.12	-0.470228202
41.13	-0.647213595
41.14	-0.760845213
41.15	-0.8
41.16	-0.760845213
41.17	-0.647213595
41.18	-0.470228202
41.19	-0.247213596
41.2	8.46746E-14
41.21	0.247213595
41.22	0.470228202
41.23	0.647213595
41.24	0.760845213
41.25	0.8
41.26	0.760845213
41.27	0.647213595
41.28	0.470228202
41.29	0.247213595
41.3	1.96798E-13
41.31	-0.247213595
41.32	-0.470228202
41.33	-0.647213595
41.34	-0.760845213
41.35	-0.8
41.36	-0.760845213
41.37	-0.647213596
41.38	-0.470228202
41.39	-0.247213596
41.4	-1.14473E-13
41.41	0.247213595
41.42	0.470228202
41.43	0.647213595
41.44	0.760845213
41.45	0.8
41.46	0.760845213
41.47	0.647213595
41.48	0.470228202
41.49	0.247213595
41.5	3.21484E-14
41.51	-0.247213595
41.52	-0.470228202
41.53	-0.647213595
41.54	-0.760845213
41.55	-0.8
41.56	-0.760845213
41.57	-0.647213596
41.58	-0.470228202
41.59	-0.247213595
41.6	5.01765E-14
41.61	0.247213595
41.62	0.470228202
41.63	0.647213595
41.64	0.760845213
41.65	0.8
41.66	0.760845213
41.67	0.647213595
41.68	0.470228202
41.69	0.247213595
41.7	4.93975E-14
41.71	-0.247213595
41.72	-0.470228202
41.73	-0.647213595
41.74	-0.760845213
41.75	-0.8
41.76	-0.760845213
41.77	-0.647213595
41.78	-0.470228202
41.79	-0.247213596
41.8	-1.48971E-13
41.81	0.247213595
41.82	0.470228202
41.83	0.647213595
41.84	0.760845213
41.85	0.8
41.86	0.760845213
41.87	0.647213595
41.88	0.470228202
41.89	0.247213596
41.9	6.66465E-14
41.91	-0.247213595
41.92	-0.470228202
41.93	-0.647213595
41.94	-0.760845213
41.95	-0.8
41.96	-0.760845213
41.97	-0.647213596
41.98	-0.470228202
41.99	-0.247213595
42	1.56784E-14
42.01	0.247213595
42.02	0.470228202
42.03	0.647213595
42.04	0.760845213
42.05	0.8
42.06	0.760845213
42.07	0.647213595
42.08	0.470228202
42.09	0.247213595
42.1	8.38956E-14
42.11	-0.247213595
42.12	-0.470228202
42.13	-0.647213595
42.14	-0.760845213
42.15	-0.8
42.16	-0.760845213
42.17	-0.647213595
42.18	-0.470228202
42.19	-0.247213596
42.2	-1.57062E-15
42.21	0.247213595
42.22	0.470228202
42.23	0.647213595
42.24	0.760845213
42.25	0.8
42.26	0.760845213
42.27	0.647213595
42.28	0.470228202
42.29	0.247213596
42.3	1.01145E-13
42.31	-0.247213596
42.32	-0.470228202
42.33	-0.647213595
42.34	-0.760845213
42.35	-0.8
42.36	-0.760845213
42.37	-0.647213596
42.38	-0.470228202
42.39	-0.247213595
42.4	-1.88197E-14
42.41	0.247213595
42.42	0.470228202
42.43	0.647213595
42.44	0.760845213
42.45	0.8
42.46	0.760845213
42.47	0.647213596
42.48	0.470228202
42.49	0.247213595
42.5	1.18394E-13
42.51	-0.247213595
42.52	-0.470228202
42.53	-0.647213595
42.54	-0.760845213
42.55	-0.8
42.56	-0.760845213
42.57	-0.647213595
42.58	-0.470228202
42.59	-0.247213595
42.6	-3.60687E-14
42.61	0.247213595
42.62	0.470228202
42.63	0.647213595
42.64	0.760845213
42.65	0.8
42.66	0.760845213
42.67	0.647213595
42.68	0.470228202
42.69	0.247213596
42.7	-4.62562E-14
42.71	-0.247213595
42.72	-0.470228202
42.73	-0.647213595
42.74	-0.760845213
42.75	-0.8
42.76	-0.760845213
42.77	-0.647213595
42.78	-0.470228202
42.79	-0.247213595
42.8	-5.33178E-14
42.81	0.247213595
42.82	0.470228202
42.83	0.647213595
42.84	0.760845213
42.85	0.8
42.86	0.760845213
42.87	0.647213596
42.88	0.470228202
42.89	0.247213595
42.9	1.52892E-13
42.91	-0.247213595
42.92	-0.470228202
42.93	-0.647213595
42.94	-0.760845213
42.95	-0.8
42.96	-0.760845213
42.97	-0.647213595
42.98	-0.470228202
42.99	-0.247213596
43	-7.05668E-14
43.01	0.247213595
43.02	0.470228202
43.03	0.647213595
43.04	0.760845213
43.05	0.8
43.06	0.760845213
43.07	0.647213595
43.08	0.470228202
43.09	0.247213595
43.1	-1.17581E-14
43.11	-0.247213595
43.12	-0.470228202
43.13	-0.647213595
43.14	-0.760845213
43.15	-0.8
43.16	-0.760845213
43.17	-0.647213595
43.18	-0.470228202
43.19	-0.247213596
43.2	9.40831E-14
43.21	0.247213595
43.22	0.470228202
43.23	0.647213595
43.24	0.760845213
43.25	0.8
43.26	0.760845213
43.27	0.647213595
43.28	0.470228202
43.29	0.247213595
43.3	1.8739E-13
43.31	-0.247213595
43.32	-0.470228202
43.33	-0.647213595
43.34	-0.760845213
43.35	-0.8
43.36	-0.760845213
43.37	-0.647213596
43.38	-0.470228202
43.39	-0.247213596
43.4	-1.05065E-13
43.41	0.247213595
43.42	0.470228202
43.43	0.647213595
43.44	0.760845213
43.45	0.8
43.46	0.760845213
43.47	0.647213595
43.48	0.470228202
43.49	0.247213595
43.5	2.274E-14
43.51	-0.247213595
43.52	-0.470228202
43.53	-0.647213595
43.54	-0.760845213
43.55	-0.8
43.56	-0.760845213
43.57	-0.647213596
43.58	-0.470228202
43.59	-0.247213595
43.6	5.9585E-14
43.61	0.247213595
43.62	0.470228202
43.63	0.647213595
43.64	0.760845213
43.65	0.8
43.66	0.760845213
43.67	0.647213595
43.68	0.470228202
43.69	0.247213595
43.7	3.9989E-14
43.71	-0.247213595
43.72	-0.470228202
43.73	-0.647213595
43.74	-0.760845213
43.75	-0.8
43.76	-0.760845213
43.77	-0.647213595
43.78	-0.470228202
43.79	-0.247213596
43.8	-1.39563E-13
43.81	0.247213595
43.82	0.470228202
43.83	0.647213595
43.84	0.760845213
43.85	0.8
43.86	0.760845213
43.87	0.647213595
43.88	0.470228202
43.89	0.247213596
43.9	5.72381E-14
43.91	-0.247213595
43.92	-0.470228202
43.93	-0.647213595
43.94	-0.760845213
43.95	-0.8
43.96	-0.760845213
43.97	-0.647213596
43.98	-0.470228202
43.99	-0.247213595
44	2.50869E-14
44.01	0.247213595
44.02	0.470228202
44.03	0.647213595
44.04	0.760845213
44.05	0.8
44.06	0.760845213
44.07	0.647213595
44.08	0.470228202
44.09	0.247213595
44.1	7.44871E-14
44.11	-0.247213595
44.12	-0.470228202
44.13	-0.647213596
44.14	-0.760845213
44.15	-0.8
44.16	-0.760845213
44.17	-0.647213595
44.18	-0.470228202
44.19	-0.247213596
44.2	7.83783E-15
44.21	0.247213595
44.22	0.470228202
44.23	0.647213595
44.24	0.760845213
44.25	0.8
44.26	0.760845213
44.27	0.647213595
44.28	0.470228202
44.29	0.247213596
44.3	9.17362E-14
44.31	-0.247213596
44.32	-0.470228202
44.33	-0.647213595
44.34	-0.760845213
44.35	-0.8
44.36	-0.760845213
44.37	-0.647213596
44.38	-0.470228202
44.39	-0.247213595
44.4	-9.41122E-15
44.41	0.247213595
44.42	0.470228202
44.43	0.647213595
44.44	0.760845213
44.45	0.8
44.46	0.760845213
44.47	0.647213596
44.48	0.470228202
44.49	0.247213595
44.5	1.08985E-13
44.51	-0.247213595
44.52	-0.470228202
44.53	-0.647213595
44.54	-0.760845213
44.55	-0.8
44.56	-0.760845213
44.57	-0.647213595
44.58	-0.470228202
44.59	-0.247213595
44.6	-2.66603E-14
44.61	0.247213595
44.62	0.470228202
44.63	0.647213595
44.64	0.760845213
44.65	0.8
44.66	0.760845213
44.67	0.647213595
44.68	0.470228202
44.69	0.247213596
44.7	-5.56647E-14
44.71	-0.247213596
44.72	-0.470228202
44.73	-0.647213595
44.74	-0.760845213
44.75	-0.8
44.76	-0.760845213
44.77	-0.647213595
44.78	-0.470228202
44.79	-0.247213595
44.8	-4.39093E-14
44.81	0.247213595
44.82	0.470228202
44.83	0.647213595
44.84	0.760845213
44.85	0.8
44.86	0.760845213
44.87	0.647213596
44.88	0.470228202
44.89	0.247213595
44.9	1.43483E-13
44.91	-0.247213595
44.92	-0.470228202
44.93	-0.647213595
44.94	-0.760845213
44.95	-0.8
44.96	-0.760845213
44.97	-0.647213595
44.98	-0.470228202
44.99	-0.247213596
45	-6.11584E-14
45.01	0.247213595
45.02	0.470228202
45.03	0.647213595
45.04	0.760845213
45.05	0.8
45.06	0.760845213
45.07	0.647213595
45.08	0.470228202
45.09	0.247213595
45.1	-2.11666E-14
45.11	-0.247213595
45.12	-0.470228202
45.13	-0.647213595
45.14	-0.760845213
45.15	-0.8
45.16	-0.760845213
45.17	-0.647213595
45.18	-0.470228202
45.19	-0.247213596
45.2	1.03492E-13
45.21	0.247213595
45.22	0.470228202
45.23	0.647213595
45.24	0.760845213
45.25	0.8
45.26	0.760845213
45.27	0.647213595
45.28	0.470228202
45.29	0.247213595
45.3	1.77981E-13
45.31	-0.247213595
45.32	-0.470228202
45.33	-0.647213595
45.34	-0.760845213
45.35	-0.8
45.36	-0.760845213
45.37	-0.647213595
45.38	-0.470228202
45.39	-0.247213596
45.4	-9.56565E-14
45.41	0.247213595
45.42	0.470228202
45.43	0.647213595
45.44	0.760845213
45.45	0.8
45.46	0.760845213
45.47	0.647213595
45.48	0.470228202
45.49	0.247213595
45.5	1.33315E-14
45.51	-0.247213595
45.52	-0.470228202
45.53	-0.647213595
45.54	-0.760845213
45.55	-0.8
45.56	-0.760845213
45.57	-0.647213596
45.58	-0.470228202
45.59	-0.247213595
45.6	6.89934E-14
45.61	0.247213595
45.62	0.470228202
45.63	0.647213595
45.64	0.760845213
45.65	0.8
45.66	0.760845213
45.67	0.647213595
45.68	0.470228202
45.69	0.247213595
45.7	3.05806E-14
45.71	-0.247213595
45.72	-0.470228202
45.73	-0.647213595
45.74	-0.760845213
45.75	-0.8
45.76	-0.760845213
45.77	-0.647213595
45.78	-0.470228202
45.79	-0.247213596
45.8	-1.30155E-13
45.81	0.247213595
45.82	0.470228202
45.83	0.647213595
45.84	0.760845213
45.85	0.8
45.86	0.760845213
45.87	0.647213596
45.88	0.470228202
45.89	0.247213595
45.9	4.78296E-14
45.91	-0.247213595
45.92	-0.470228202
45.93	-0.647213595
45.94	-0.760845213
45.95	-0.8
45.96	-0.760845213
45.97	-0.647213596
45.98	-0.470228202
45.99	-0.247213595
46	3.44953E-14
46.01	0.247213595
46.02	0.470228202
46.03	0.647213595
46.04	0.760845213
46.05	0.8
46.06	0.760845213
46.07	0.647213595
46.08	0.470228202
46.09	0.247213595
46.1	6.50787E-14
46.11	-0.247213595
46.12	-0.470228202
46.13	-0.647213596
46.14	-0.760845213
46.15	-0.8
46.16	-0.760845213
46.17	-0.647213595
46.18	-0.470228202
46.19	-0.247213596
46.2	1.72463E-14
46.21	0.247213595
46.22	0.470228202
46.23	0.647213595
46.24	0.760845213
46.25	0.8
46.26	0.760845213
46.27	0.647213595
46.28	0.470228202
46.29	0.247213596
46.3	8.23277E-14
46.31	-0.247213596
46.32	-0.470228202
46.33	-0.647213595
46.34	-0.760845213
46.35	-0.8
46.36	-0.760845213
46.37	-0.647213596
46.38	-0.470228202
46.39	-0.247213595
46.4	-2.77556E-18
46.41	0.247213595
46.42	0.470228202
46.43	0.647213595
46.44	0.760845213
46.45	0.8
46.46	0.760845213
46.47	0.647213595
46.48	0.470228202
46.49	0.247213595
46.5	9.95768E-14
46.51	-0.247213595
46.52	-0.470228202
46.53	-0.647213595
46.54	-0.760845213
46.55	-0.8
46.56	-0.760845213
46.57	-0.647213595
46.58	-0.470228202
46.59	-0.247213595
46.6	-1.72518E-14
46.61	0.247213595
46.62	0.470228202
46.63	0.647213595
46.64	0.760845213
46.65	0.8
46.66	0.760845213
46.67	0.647213596
46.68	0.470228202
46.69	0.247213596
46.7	-6.50731E-14
46.71	-0.247213596
46.72	-0.470228202
46.73	-0.647213595
46.74	-0.760845213
46.75	-0.8
46.76	-0.760845213
46.77	-0.647213595
46.78	-0.470228202
46.79	-0.247213595
46.8	-3.45009E-14
46.81	0.247213595
46.82	0.470228202
46.83	0.647213595
46.84	0.760845213
46.85	0.8
46.86	0.760845213
46.87	0.647213596
46.88	0.470228202
46.89	0.247213595
46.9	1.34075E-13
46.91	-0.247213595
46.92	-0.470228202
46.93	-0.647213595
46.94	-0.760845213
46.95	-0.8
46.96	-0.760845213
46.97	-0.647213595
46.98	-0.470228202
46.99	-0.247213595
47	-5.17499E-14
47.01	0.247213595
47.02	0.470228202
47.03	0.647213595
47.04	0.760845213
47.05	0.8
47.06	0.760845213
47.07	0.647213596
47.08	0.470228202
47.09	0.247213595
47.1	-3.0575E-14
47.11	-0.247213595
47.12	-0.470228202
47.13	-0.647213595
47.14	-0.760845213
47.15	-0.8
47.16	-0.760845213
47.17	-0.647213595
47.18	-0.470228202
47.19	-0.247213596
47.2	1.129E-13
47.21	0.247213595
47.22	0.470228202
47.23	0.647213595
47.24	0.760845213
47.25	0.8
47.26	0.760845213
47.27	0.647213595
47.28	0.470228202
47.29	0.247213596
47.3	1.68573E-13
47.31	-0.247213595
47.32	-0.470228202
47.33	-0.647213595
47.34	-0.760845213
47.35	-0.8
47.36	-0.760845213
47.37	-0.647213595
47.38	-0.470228202
47.39	-0.247213596
47.4	-8.6248E-14
47.41	0.247213595
47.42	0.470228202
47.43	0.647213595
47.44	0.760845213
47.45	0.8
47.46	0.760845213
47.47	0.647213596
47.48	0.470228202
47.49	0.247213595
47.5	3.92308E-15
47.51	-0.247213595
47.52	-0.470228202
47.53	-0.647213595
47.54	-0.760845213
47.55	-0.8
47.56	-0.760845213
47.57	-0.647213596
47.58	-0.470228202
47.59	-0.247213595
47.6	7.84019E-14
47.61	0.247213595
47.62	0.470228202
47.63	0.647213595
47.64	0.760845213
47.65	0.8
47.66	0.760845213
47.67	0.647213595
47.68	0.470228202
47.69	0.247213596
47.7	2.11721E-14
47.71	-0.247213595
47.72	-0.470228202
47.73	-0.647213595
47.74	-0.760845213
47.75	-0.8
47.76	-0.760845213
47.77	-0.647213595
47.78	-0.470228202
47.79	-0.247213596
47.8	-1.20746E-13
47.81	0.247213596
47.82	0.470228202
47.83	0.647213595
47.84	0.760845213
47.85	0.8
47.86	0.760845213
47.87	0.647213596
47.88	0.470228202
47.89	0.247213595
47.9	3.84212E-14
47.91	-0.247213595
47.92	-0.470228202
47.93	-0.647213595
47.94	-0.760845213
47.95	-0.8
47.96	-0.760845213
47.97	-0.647213596
47.98	-0.470228202
47.99	-0.247213595
48	-1.37995E-13
48.01	0.247213595
48.02	0.470228202
48.03	0.647213595
48.04	0.760845213
48.05	0.8
48.06	0.760845213
48.07	0.647213595
48.08	0.470228202
48.09	0.247213596
48.1	5.56702E-14
48.11	-0.247213595
48.12	-0.470228202
48.13	-0.647213596
48.14	-0.760845213
48.15	-0.8
48.16	-0.760845213
48.17	-0.647213595
48.18	-0.470228202
48.19	-0.247213596
48.2	2.66547E-14
48.21	0.247213595
48.22	0.470228202
48.23	0.647213595
48.24	0.760845213
48.25	0.8
48.26	0.760845213
48.27	0.647213595
48.28	0.470228202
48.29	0.247213596
48.3	7.29193E-14
48.31	-0.247213596
48.32	-0.470228202
48.33	-0.647213595
48.34	-0.760845213
48.35	-0.8
48.36	-0.760845213
48.37	-0.647213596
48.38	-0.470228202
48.39	-0.247213595
48.4	-1.72493E-13
48.41	0.247213595
48.42	0.470228202
48.43	0.647213595
48.44	0.760845213
48.45	0.8
48.46	0.760845213
48.47	0.647213595
48.48	0.470228202
48.49	0.247213596
48.5	9.01683E-14
48.51	-0.247213595
48.52	-0.470228202
48.53	-0.647213595
48.54	-0.760845213
48.55	-0.8
48.56	-0.760845213
48.57	-0.647213595
48.58	-0.470228202
48.59	-0.247213595
48.6	-7.84338E-15
48.61	0.247213595
48.62	0.470228202
48.63	0.647213595
48.64	0.760845213
48.65	0.8
48.66	0.760845213
48.67	0.647213596
48.68	0.470228202
48.69	0.247213596
48.7	-7.44816E-14
48.71	-0.247213596
48.72	-0.470228202
48.73	-0.647213595
48.74	-0.760845213
48.75	-0.8
48.76	-0.760845213
48.77	-0.647213595
48.78	-0.470228202
48.79	-0.247213595
48.8	-2.06991E-13
48.81	0.247213595
48.82	0.470228202
48.83	0.647213595
48.84	0.760845213
48.85	0.8
48.86	0.760845213
48.87	0.647213596
48.88	0.470228202
48.89	0.247213596
48.9	1.24666E-13
48.91	-0.247213595
48.92	-0.470228202
48.93	-0.647213595
48.94	-0.760845213
48.95	-0.8
48.96	-0.760845213
48.97	-0.647213595
48.98	-0.470228202
48.99	-0.247213595
49	-4.23415E-14
49.01	0.247213595
49.02	0.470228202
49.03	0.647213595
49.04	0.760845213
49.05	0.8
49.06	0.760845213
49.07	0.647213596
49.08	0.470228202
49.09	0.247213595
49.1	-3.99835E-14
49.11	-0.247213595
49.12	-0.470228202
49.13	-0.647213595
49.14	-0.760845213
49.15	-0.8
49.16	-0.760845213
49.17	-0.647213595
49.18	-0.470228202
49.19	-0.247213596
49.2	-5.95905E-14
49.21	0.247213595
49.22	0.470228202
49.23	0.647213595
49.24	0.760845213
49.25	0.8
49.26	0.760845213
49.27	0.647213595
49.28	0.470228202
49.29	0.247213596
49.3	1.59165E-13
49.31	-0.247213595
49.32	-0.470228202
49.33	-0.647213595
49.34	-0.760845213
49.35	-0.8
49.36	-0.760845213
49.37	-0.647213595
49.38	-0.470228202
49.39	-0.247213596
49.4	-7.68396E-14
49.41	0.247213595
49.42	0.470228202
49.43	0.647213595
49.44	0.760845213
49.45	0.8
49.46	0.760845213
49.47	0.647213596
49.48	0.470228202
49.49	0.247213595
49.5	-5.48537E-15
49.51	-0.247213595
49.52	-0.470228202
49.53	-0.647213595
49.54	-0.760845213
49.55	-0.8
49.56	-0.760845213
49.57	-0.647213595
49.58	-0.470228202
49.59	-0.247213595
49.6	-9.40886E-14
49.61	0.247213595
49.62	0.470228202
49.63	0.647213595
49.64	0.760845213
49.65	0.8
49.66	0.760845213
49.67	0.647213595
49.68	0.470228202
49.69	0.247213596
49.7	1.17637E-14
49.71	-0.247213595
49.72	-0.470228202
49.73	-0.647213595
49.74	-0.760845213
49.75	-0.8
49.76	-0.760845213
49.77	-0.647213595
49.78	-0.470228202
49.79	-0.247213596
49.8	-1.11338E-13
49.81	0.247213596
49.82	0.470228202
49.83	0.647213595
49.84	0.760845213
49.85	0.8
49.86	0.760845213
49.87	0.647213596
49.88	0.470228202
49.89	0.247213595
49.9	2.90127E-14
49.91	-0.247213595
49.92	-0.470228202
49.93	-0.647213595
49.94	-0.760845213
49.95	-0.8
49.96	-0.760845213
49.97	-0.647213596
49.98	-0.470228202
49.99	-0.247213595
50	-1.28587E-13
